"ts","disk_id","throughput","latency"
1660914015,"disk1",26608674.51,459.45
1660914030,"disk1",34775947.35,485.1
1660914045,"disk1",22245098.58,NA
1660914060,"disk1",23846261.43,1246.84
1660914075,"disk1",21933857.44,323.13
1660914090,"disk1",22192428.69,282.04
1660914105,"disk1",31794345.13,649.38
1660914120,"disk1",27462373.99,365.6
1660914135,"disk1",41084474.85,613.08
1660914150,"disk1",44239680.51,512.9
1660914165,"disk1",26449335.6,417.07
1660914180,"disk1",35685980.48,462.22
1660914195,"disk1",23845290.78,478.11
1660914210,"disk1",35518485.83,732.9
1660914225,"disk1",34597882.8,628.47
1660914240,"disk1",32480656.5,477.13
1660914255,"disk1",39358516.41,689.22
1660914270,"disk1",33041526.06,709.67
1660914285,"disk1",22511887.72,388.61
1660914300,"disk1",33753338.64,428.04
1660914315,"disk1",24675398.18,582.37
1660914330,"disk1",28648225.34,456
1660914345,"disk1",25772327.13,327
1660914360,"disk1",21282421.64,483.69
1660914375,"disk1",28297773.6,777.51
1660914390,"disk1",41442127.8,781.11
1660914405,"disk1",29267128.75,530.46
1660914420,"disk1",23871310.01,654.35
1660914435,"disk1",18089006.39,528.96
1660914450,"disk1",21489633.04,689.91
1660914465,"disk1",21688230.25,304.95
1660914480,"disk1",27949275.8,396.13
1660914495,"disk1",40258857.4,380.71
1660914510,"disk1",46021291.4,448.48
1660914525,"disk1",15340910.48,553.8
1660914540,"disk1",25008271.63,1014.29
1660914555,"disk1",22934473.96,1529.08
1660914570,"disk1",33684316.51,704.88
1660914585,"disk1",27771121.53,898.52
1660914600,"disk1",18121305.03,620.36
1660914615,"disk1",18735983.08,721.31
1660914630,"disk1",19879113.99,716.24
1660914645,"disk1",18530365.04,449.6
1660914660,"disk1",22429237.11,506.18
1660914675,"disk1",31730016.36,769.78
1660914690,"disk1",25493136.97,1989.95
1660914705,"disk1",36014266.96,765.37
1660914720,"disk1",41446096.74,991.44
1660914735,"disk1",37645739.21,615.76
1660914750,"disk1",24216622.45,989.94
1660914765,"disk1",19105863.5,1275.39
1660914780,"disk1",19741894.78,930.67
1660914795,"disk1",27809166.59,846.5
1660914810,"disk1",27358143.58,590.77
1660914825,"disk1",26674460.13,629.58
1660914840,"disk1",32741772.91,822.04
1660914855,"disk1",31856342.87,2398.24
1660914870,"disk1",19018436.8,727.48
1660914885,"disk1",16082123.72,578.2
1660914900,"disk1",40216372.72,650.88
1660914915,"disk1",35289363.87,756.53
1660914930,"disk1",27057187.91,451.04
1660914945,"disk1",37067284.52,587.93
1660914960,"disk1",46800101.68,867.3
1660914975,"disk1",47502301.36,642.96
1660914990,"disk1",41583746.49,732.87
1660915005,"disk1",23071340.25,615.88
1660915020,"disk1",27669836.62,370.71
1660915035,"disk1",37207607,791.08
1660915050,"disk1",38662794.33,893.56
1660915065,"disk1",25564900.74,875.29
1660915080,"disk1",26051094.19,616.28
1660915095,"disk1",37013941.41,758.48
1660915110,"disk1",41769019.06,1695.8
1660915125,"disk1",26262848.29,1750.44
1660915140,"disk1",30037797.81,342.7
1660915155,"disk1",36891566.21,790.92
1660915170,"disk1",53606768.87,767.27
1660915185,"disk1",53898732.6,574.39
1660915200,"disk1",39151451.43,1824.68
1660915215,"disk1",34368908.3,1766.77
1660915230,"disk1",42960122.92,920.13
1660915245,"disk1",19372817.69,1070.43
1660915260,"disk1",25009395.26,863.11
1660915275,"disk1",19335280.61,899.43
1660915290,"disk1",23577945.21,1031.16
1660915305,"disk1",17775347.55,1518.81
1660915320,"disk1",17972311.19,787.58
1660915335,"disk1",16279505.58,1711.98
1660915350,"disk1",20364606.39,1514.82
1660915365,"disk1",17948198.27,253.1
1660915380,"disk1",18284726.2,1248.02
1660915395,"disk1",16482315.03,684.08
1660915410,"disk1",18685157.81,668.57
1660915425,"disk1",13569969.82,361.7
1660915440,"disk1",15646848.73,547.82
1660915455,"disk1",20012555.01,379.18
1660915470,"disk1",29138262.22,415.95
1660915485,"disk1",18921710.19,520.09
1660915500,"disk1",20293910.57,204.51
1660915515,"disk1",31906754.66,539.22
1660915530,"disk1",19664596.99,608.04
1660915545,"disk1",18849368.32,325.16
1660915560,"disk1",17997855.93,199.43
1660915575,"disk1",21399121.59,880.34
1660915590,"disk1",19682211.8,1015
1660915605,"disk1",31029758.56,882.43
1660915620,"disk1",36427771.48,635.48
1660915635,"disk1",47656707.26,577.61
1660915650,"disk1",48364053.98,631.39
1660915665,"disk1",33019728.64,1014.88
1660915680,"disk1",24216493.82,579.59
1660915695,"disk1",30200456.77,489.38
1660915710,"disk1",34761843.75,807.18
1660915725,"disk1",29904698.62,322.08
1660915740,"disk1",34009803.42,885.87
1660915755,"disk1",35248884.76,509.29
1660915770,"disk1",47488553.13,391.01
1660915785,"disk1",31724027.5,438.82
1660915800,"disk1",31438722.06,470.41
1660915815,"disk1",32436295.15,490.12
1660915830,"disk1",22334641.01,521.74
1660915845,"disk1",26274523.62,370.17
1660915860,"disk1",23908763.76,658.78
1660915875,"disk1",22238831.72,249.54
1660915890,"disk1",22818449.23,718.38
1660915905,"disk1",38364676.42,923.32
1660915920,"disk1",28768336.93,1149.67
1660915935,"disk1",24685032.54,860.04
1660915950,"disk1",32258598.71,589.53
1660915965,"disk1",29077967.71,484.93
1660915980,"disk1",20288096.84,552.07
1660915995,"disk1",32220395.59,586.05
1660916010,"disk1",25078247.51,525.47
1660916025,"disk1",30707439.31,605.33
1660916040,"disk1",31738076.45,884.54
1660916055,"disk1",39307542.97,933.55
1660916070,"disk1",43097900.51,710.06
1660916085,"disk1",33918838.92,740.39
1660916100,"disk1",34241523.93,788.49
1660916115,"disk1",28231955.99,925.14
1660916130,"disk1",25633069.75,617.08
1660916145,"disk1",19060706.8,835.46
1660916160,"disk1",22634162.48,890.83
1660916175,"disk1",36487325.52,780.89
1660916190,"disk1",39179732.62,893.13
1660916205,"disk1",28015932.45,650.84
1660916220,"disk1",35073237.26,595.84
1660916235,"disk1",52736851.49,2843.59
1660916250,"disk1",54436300.99,476.29
1660916265,"disk1",24491897.27,785.6
1660916280,"disk1",28975037.24,487.03
1660916295,"disk1",32094177.3,476.37
1660916310,"disk1",40404072.11,876.53
1660916325,"disk1",37520954.06,767.59
1660916340,"disk1",31069110.16,915.46
1660916355,"disk1",25082261,518.55
1660916370,"disk1",26111140.56,763.12
1660916385,"disk1",18561402.19,1375.97
1660916400,"disk1",35563997.38,669.82
1660916415,"disk1",31626789.11,494.67
1660916430,"disk1",20951343.05,452.5
1660916445,"disk1",22491562.15,698.69
1660916460,"disk1",25381130.36,246.02
1660916475,"disk1",33766882.07,646.85
1660916490,"disk1",27658020.76,720.66
1660916505,"disk1",32920886.27,328.96
1660916520,"disk1",24010757.66,898.27
1660916535,"disk1",20277855.96,1270.04
1660916550,"disk1",22582204.43,1542.42
1660916565,"disk1",36093994.19,1605.21
1660916580,"disk1",38249135.12,1550.15
1660916595,"disk1",44290978.77,1038.34
1660916610,"disk1",21248801.21,745.49
1660916625,"disk1",21505755.09,537.16
1660916640,"disk1",37898610.86,627.64
1660916655,"disk1",35745652.5,354.95
1660916670,"disk1",39085716.76,690
1660916685,"disk1",25380051.76,459.18
1660916700,"disk1",18353108.3,274.47
1660916715,"disk1",18549201.18,569.93
1660916730,"disk1",27697336.97,265.38
1660916745,"disk1",27643562.69,1190.74
1660916760,"disk1",31081777.4,433.11
1660916775,"disk1",25558774.84,381.1
1660916790,"disk1",29552627.68,168.89
1660916805,"disk1",41611416.6,383.4
1660916820,"disk1",37473084.48,580.48
1660916835,"disk1",26266658.2,679.36
1660916850,"disk1",27493715.72,492.88
1660916865,"disk1",17455104.13,748.72
1660916880,"disk1",22454890.32,471.42
1660916895,"disk1",23806210.5,581.82
1660916910,"disk1",36204015.6,517.26
1660916925,"disk1",32579418.11,733.69
1660916940,"disk1",37322398.84,671.46
1660916955,"disk1",25634848.25,687.73
1660916970,"disk1",35990813.37,531.31
1660916985,"disk1",17803847.19,216.06
1660917000,"disk1",17732674.92,569.78
1660917015,"disk1",21691696.54,713.64
1660917030,"disk1",18823921.58,708.19
1660917045,"disk1",32219583.89,550.69
1660917060,"disk1",29878137.93,588.35
1660917075,"disk1",37551747.49,643.79
1660917090,"disk1",31606782.98,355.8
1660917105,"disk1",18765697.95,639.76
1660917120,"disk1",33243462.56,556.91
1660917135,"disk1",26870192.19,676.99
1660917150,"disk1",21771270.84,1062.19
1660917165,"disk1",34057551.95,825.47
1660917180,"disk1",20351313.46,1224.69
1660917195,"disk1",13546025.22,935.09
1660917210,"disk1",21908178.89,933.22
1660917225,"disk1",16298773.8,369.38
1660917240,"disk1",17033199.05,942.63
1660917255,"disk1",17962191.58,500.21
1660917270,"disk1",16829063.74,461.26
1660917285,"disk1",23482699.93,611.02
1660917300,"disk1",16913676.06,660.62
1660917315,"disk1",19878913.72,886.98
1660917330,"disk1",20073554.08,528.92
1660917345,"disk1",18179377.93,741.15
1660917360,"disk1",18417959.4,510.68
1660917375,"disk1",22684761.6,616.19
1660917390,"disk1",25214300.46,1031.2
1660917405,"disk1",26834938.48,321.41
1660917420,"disk1",21347732.46,408.6
1660917435,"disk1",38670475.97,739.24
1660917450,"disk1",33211779.15,549.76
1660917465,"disk1",33478628.99,265.66
1660917480,"disk1",38794309.49,488.15
1660917495,"disk1",35472747.72,566.1
1660917510,"disk1",31089300.28,NA
1660917525,"disk1",37226102.99,490.43
1660917540,"disk1",52185417.32,603.56
1660917555,"disk1",26237149.89,427.86
1660917570,"disk1",29365284.93,496.87
1660917585,"disk1",28250447.48,544.34
1660917600,"disk1",33040131.35,984.34
1660917615,"disk1",33445311.61,1524.99
1660917630,"disk1",22917578.6,470.54
1660917645,"disk1",23760281.38,292.2
1660917660,"disk1",28011323.25,510.97
1660917675,"disk1",21449157.74,363.07
1660917690,"disk1",25707205.55,1117.77
1660917705,"disk1",27384376.86,540.15
1660917720,"disk1",24742085.75,483.24
1660917735,"disk1",30196690.64,564.78
1660917750,"disk1",25760484.36,533.83
1660917765,"disk1",29027314.7,435.46
1660917780,"disk1",29680005.97,493.83
1660917795,"disk1",34139787.11,535.3
1660917810,"disk1",27070572.06,823.88
1660917825,"disk1",22631233.39,510
1660917840,"disk1",27281733.54,487.28
1660917855,"disk1",36451122.42,753.79
1660917870,"disk1",31187759.21,535.95
1660917885,"disk1",24502492.16,213.44
1660917900,"disk1",22632963.71,734.53
1660917915,"disk1",19699583.54,612.12
1660917930,"disk1",27291505.13,1208.88
1660917945,"disk1",24180925.23,381.55
1660917960,"disk1",22568513.5,805.49
1660917975,"disk1",27595005.58,883.45
1660917990,"disk1",25070854.44,2147.13
1660918005,"disk1",18886401.1,1183.48
1660918020,"disk1",18493093.38,709.42
1660918035,"disk1",24087632.46,1142.93
1660918050,"disk1",24166288.7,2013.8
1660918065,"disk1",24504211.65,606.58
1660918080,"disk1",37089149.68,863.33
1660918095,"disk1",42684235.7,779.74
1660918110,"disk1",32551062.26,1473.95
1660918125,"disk1",24557450.99,1507.68
1660918140,"disk1",25600301.56,226.1
1660918155,"disk1",23398243.25,1255.52
1660918170,"disk1",23631686.76,722.34
1660918185,"disk1",19672372.64,659.68
1660918200,"disk1",20092736.82,817.56
1660918215,"disk1",26344021.8,632.71
1660918230,"disk1",25044541.07,920.13
1660918245,"disk1",23738699.82,295.95
1660918260,"disk1",27353532.74,342.21
1660918275,"disk1",21270184.99,1191.81
1660918290,"disk1",21857776.32,879.83
1660918305,"disk1",18863993.35,253.45
1660918320,"disk1",19311990.34,940.37
1660918335,"disk1",14257205.44,752.21
1660918350,"disk1",14220024.72,886.8
1660918365,"disk1",14583410.31,1181
1660918380,"disk1",16038977.19,1282.8
1660918395,"disk1",32663708.03,899.57
1660918410,"disk1",19520454.91,456.72
1660918425,"disk1",14080831.99,598.69
1660918440,"disk1",19304277.37,651.68
1660918455,"disk1",17852773.27,967.65
1660918470,"disk1",31268462.42,561.19
1660918485,"disk1",21127321.13,763.92
1660918500,"disk1",20799894.92,460.26
1660918515,"disk1",15574504.08,827.36
1660918530,"disk1",16919929.09,773.7
1660918545,"disk1",16748146.12,925.24
1660918560,"disk1",33575690.14,700.5
1660918575,"disk1",14925275.9,468.75
1660918590,"disk1",16590459.15,529.97
1660918605,"disk1",16438247.3,285.87
1660918620,"disk1",18546920.96,734.43
1660918635,"disk1",20795414.38,591.13
1660918650,"disk1",39029149.06,515.89
1660918665,"disk1",31475107.98,555.08
1660918680,"disk1",14039148.72,701.69
1660918695,"disk1",18311545.38,674.97
1660918710,"disk1",31831206.81,878.54
1660918725,"disk1",28164245.09,1989.38
1660918740,"disk1",38582041.66,1614.14
1660918755,"disk1",32760603.43,523.74
1660918770,"disk1",17524460.3,1235.27
1660918785,"disk1",21203404.08,530.91
1660918800,"disk1",22613681.66,269.36
1660918815,"disk1",15928486.85,394.07
1660918830,"disk1",18824485.76,496.08
1660918845,"disk1",15142237.16,769.78
1660918860,"disk1",18452937.95,278.21
1660918875,"disk1",18113624.32,137.07
1660918890,"disk1",22855442.34,583.11
1660918905,"disk1",19197665.38,900.7
1660918920,"disk1",19175057.95,686.69
1660918935,"disk1",18937133.48,594.39
1660918950,"disk1",11470232.14,524.96
1660918965,"disk1",23859929.96,232.32
1660918980,"disk1",30533375.24,536.49
1660918995,"disk1",25804782.32,857.63
1660919010,"disk1",19658575.33,789.48
1660919025,"disk1",21661178.14,403.17
1660919040,"disk1",18875460.36,295.57
1660919055,"disk1",21801284.55,1044.03
1660919070,"disk1",18720988.88,666.74
1660919085,"disk1",27622106.17,379.96
1660919100,"disk1",19422697.66,489.92
1660919115,"disk1",36111741.38,843.33
1660919130,"disk1",32869656.79,485.29
1660919145,"disk1",17251055.65,482.06
1660919160,"disk1",29750524.64,469.95
1660919175,"disk1",21907405.47,530.53
1660919190,"disk1",31663606.08,383.48
1660919205,"disk1",43902135.06,425.84
1660919220,"disk1",23322176.95,852.16
1660919235,"disk1",20412842.17,699.6
1660919250,"disk1",26598933.46,574.13
1660919265,"disk1",16913529.91,440.59
1660919280,"disk1",25429939.36,664.14
1660919295,"disk1",39862849.55,553.96
1660919310,"disk1",34263217.34,819.72
1660919325,"disk1",23798545.61,725.01
1660919340,"disk1",19423819.25,474.89
1660919355,"disk1",34051997.89,505.94
1660919370,"disk1",18651411.09,1050.42
1660919385,"disk1",22332081.84,1229.26
1660919400,"disk1",22108835.95,1936.71
1660919415,"disk1",19723087.56,1479.14
1660919430,"disk1",22173767.76,432.35
1660919445,"disk1",20654692.65,282.87
1660919460,"disk1",21966992.17,221.12
1660919475,"disk1",22622839.49,569.97
1660919490,"disk1",26189015.01,436.83
1660919505,"disk1",29461022.38,380.19
1660919520,"disk1",18275495.86,329.27
1660919535,"disk1",23680579.62,425.42
1660919550,"disk1",25196789.61,756.35
1660919565,"disk1",22850735.67,499.73
1660919580,"disk1",19517471.34,645.74
1660919595,"disk1",16766085.19,663.58
1660919610,"disk1",24106581.35,611.03
1660919625,"disk1",28914319.96,314.42
1660919640,"disk1",19018169.86,416.22
1660919655,"disk1",16778648.98,468.39
1660919670,"disk1",16037347.25,834.92
1660919685,"disk1",18710260.12,233.8
1660919700,"disk1",15966098.98,583.12
1660919715,"disk1",25623138.57,959.9
1660919730,"disk1",18031801.42,1200.19
1660919745,"disk1",20135786.07,1073.84
1660919760,"disk1",16717672.32,615.43
1660919775,"disk1",18615853.19,885.19
1660919790,"disk1",17157015.78,1759.97
1660919805,"disk1",18638161.8,693.61
1660919820,"disk1",14662582.93,613.2
1660919835,"disk1",19535926.56,878.3
1660919850,"disk1",24588170.56,474.66
1660919865,"disk1",17305704.68,822.38
1660919880,"disk1",19051238.86,931.12
1660919895,"disk1",18843298.94,354.69
1660919910,"disk1",19843149.96,NA
1660919925,"disk1",20880173.73,284.52
1660919940,"disk1",19611463.89,389.33
1660919955,"disk1",18801201.8,530.33
1660919970,"disk1",21448347.31,1052.43
1660919985,"disk1",18536007.62,507.99
1660920000,"disk1",23209005.5,384.41
1660920015,"disk1",32502457.67,520.79
1660920030,"disk1",33553736.95,445.06
1660920045,"disk1",31174987.4,561.39
1660920060,"disk1",22754036.59,773.82
1660920075,"disk1",21140575.22,788.57
1660920090,"disk1",34840497.11,594.08
1660920105,"disk1",30461957.11,519.71
1660920120,"disk1",43777796.87,780.32
1660920135,"disk1",27327441.5,535.34
1660920150,"disk1",29676164.27,683.05
1660920165,"disk1",20580292.97,554.63
1660920180,"disk1",20407365.11,669.16
1660920195,"disk1",21596351.66,793.36
1660920210,"disk1",29172748.95,676.7
1660920225,"disk1",39828574.89,151.99
1660920240,"disk1",36189689.8,325.45
1660920255,"disk1",33394215.99,327.88
1660920270,"disk1",34049005.35,433.04
1660920285,"disk1",19879010.95,512.45
1660920300,"disk1",18457285.74,411.21
1660920315,"disk1",26609277.29,507.87
1660920330,"disk1",26105331.5,410.42
1660920345,"disk1",21408507.24,698.48
1660920360,"disk1",26429065.53,314.66
1660920375,"disk1",18544317.44,337.08
1660920390,"disk1",16323398.37,632.38
1660920405,"disk1",12537638.55,429.62
1660920420,"disk1",16068319.62,1616.19
1660920435,"disk1",15800480.14,536.65
1660920450,"disk1",13572449.47,312.12
1660920465,"disk1",13965710.2,142.1
1660920480,"disk1",15073473.23,398.84
1660920495,"disk1",18643885.3,542.15
1660920510,"disk1",15238775.26,581.98
1660920525,"disk1",22430128.09,533.77
1660920540,"disk1",20289124.8,450.75
1660920555,"disk1",19452231.4,633.8
1660920570,"disk1",17177584.36,NA
1660920585,"disk1",19753118.35,382.53
1660920600,"disk1",15643877.91,393.3
1660920615,"disk1",27730066.93,592.2
1660920630,"disk1",41933638.77,440.2
1660920645,"disk1",52475653.23,653.45
1660920660,"disk1",34040929.21,496.83
1660920675,"disk1",28179313.31,447.95
1660920690,"disk1",25185731.03,655.75
1660920705,"disk1",17239464.44,617.64
1660920720,"disk1",15914776,382.7
1660920735,"disk1",16612502.93,610.64
1660920750,"disk1",19621873.31,536.23
1660920765,"disk1",27344919.87,362.04
1660920780,"disk1",23095427.34,218.38
1660920795,"disk1",20114781.41,445.5
1660920810,"disk1",16458197.72,490.39
1660920825,"disk1",17371607.91,590.45
1660920840,"disk1",16444015.09,446.79
1660920855,"disk1",22053983.27,477.51
1660920870,"disk1",17487621.13,530.08
1660920885,"disk1",22943636.4,904.26
1660920900,"disk1",20778582.38,409.69
1660920915,"disk1",16022669.28,622.82
1660920930,"disk1",31466711.8,402.67
1660920945,"disk1",26505149.78,718.25
1660920960,"disk1",41628917.18,454.6
1660920975,"disk1",33982100.91,494.67
1660920990,"disk1",24630277.61,297.36
1660921005,"disk1",24007909.95,285.14
1660921020,"disk1",19935393.44,235.62
1660921035,"disk1",21511434.76,281.21
1660921050,"disk1",24613809.89,855.14
1660921065,"disk1",26242314.29,670.07
1660921080,"disk1",30255650.84,581.29
1660921095,"disk1",24208106.88,548.24
1660921110,"disk1",15984296.19,470.07
1660921125,"disk1",16996207.08,313.16
1660921140,"disk1",26595376.83,322.48
1660921155,"disk1",16360028.82,513.78
1660921170,"disk1",29031473.15,524.15
1660921185,"disk1",20761576.06,309.15
1660921200,"disk1",17749600.5,357.66
1660921215,"disk1",29882901.62,326.54
1660921230,"disk1",40886038.26,322.9
1660921245,"disk1",27786626.78,223.71
1660921260,"disk1",36034430.48,215.58
1660921275,"disk1",27877338.57,269.57
1660921290,"disk1",26102259.21,280.61
1660921305,"disk1",25162117.19,340.8
1660921320,"disk1",23344477.61,287.47
1660921335,"disk1",16439537.85,274.46
1660921350,"disk1",14704449.18,201.49
1660921365,"disk1",17650965.27,542.29
1660921380,"disk1",18536278.08,192.04
1660921395,"disk1",12423444.26,518.35
1660921410,"disk1",27575582.16,608.06
1660921425,"disk1",24031467.15,528.12
1660921440,"disk1",13956151.76,397.18
1660921455,"disk1",31643578.95,403.18
1660921470,"disk1",31127974.11,300.63
1660921485,"disk1",19590744.07,716.29
1660921500,"disk1",33532178.58,694.22
1660921515,"disk1",21932132.45,1333.34
1660921530,"disk1",25697339.7,540.73
1660921545,"disk1",29464704.73,350.96
1660921560,"disk1",21371717.17,310.12
1660921575,"disk1",37868712.41,380.88
1660921590,"disk1",26712452.5,387.05
1660921605,"disk1",24539310.96,364.69
1660921620,"disk1",18124354.94,267.4
1660921635,"disk1",20612235.68,420.91
1660921650,"disk1",13290681.33,415.64
1660921665,"disk1",22191722.45,1022.76
1660921680,"disk1",11904299.55,259.26
1660921695,"disk1",10768846.13,345.68
1660921710,"disk1",13629390.45,304.05
1660921725,"disk1",14034476.09,470.36
1660921740,"disk1",20057898,263.21
1660921755,"disk1",14300378.62,485.57
1660921770,"disk1",10009179.8,518.51
1660921785,"disk1",12039544.8,187.43
1660921800,"disk1",20827193.67,240.08
1660921815,"disk1",27788502.8,813.75
1660921830,"disk1",22799109.24,189.61
1660921845,"disk1",20028649.99,458.21
1660921860,"disk1",31457312.82,390.5
1660921875,"disk1",13371789.07,596.54
1660921890,"disk1",22295018.59,418
1660921905,"disk1",31056457.08,896.59
1660921920,"disk1",23915907.42,624.82
1660921935,"disk1",32570397.45,465.58
1660921950,"disk1",27587582.82,438.95
1660921965,"disk1",31276067.17,450.14
1660921980,"disk1",19396888.95,615.41
1660921995,"disk1",28721358.93,585.66
1660922010,"disk1",27213074.52,948.18
1660922025,"disk1",26617713.44,690.9
1660922040,"disk1",26776265.54,366.87
1660922055,"disk1",20331276.62,289.93
1660922070,"disk1",34105749.2,469.5
1660922085,"disk1",32947149.79,232.82
1660922100,"disk1",22589674.92,463.6
1660922115,"disk1",24037139.89,384.54
1660922130,"disk1",26349200.89,353.63
1660922145,"disk1",26781604.19,355.32
1660922160,"disk1",22699140.51,661.79
1660922175,"disk1",22060286.58,296.08
1660922190,"disk1",43692983.09,454.35
1660922205,"disk1",37058583.99,427.35
1660922220,"disk1",35889459.57,327.89
1660922235,"disk1",33044131.08,249.89
1660922250,"disk1",14927626.56,380.96
1660922265,"disk1",19572205.25,475.65
1660922280,"disk1",21743930.23,323.81
1660922295,"disk1",18972175.2,282.08
1660922310,"disk1",25237847.95,367.49
1660922325,"disk1",18097214,297.22
1660922340,"disk1",20082999.05,188.54
1660922355,"disk1",16565963.52,440
1660922370,"disk1",16260807.75,510.38
1660922385,"disk1",17163105.03,266.51
1660922400,"disk1",18056309.29,391.99
1660922415,"disk1",15347793.3,504.47
1660922430,"disk1",17215738.84,380.31
1660922445,"disk1",12578166.36,547.59
1660922460,"disk1",13258110.01,438.38
1660922475,"disk1",16022394.31,401.28
1660922490,"disk1",25390205.77,549.7
1660922505,"disk1",32976700.06,583.77
1660922520,"disk1",24317328.36,551.5
1660922535,"disk1",30782068.61,717.81
1660922550,"disk1",36353942.74,401.8
1660922565,"disk1",14579275.89,330.37
1660922580,"disk1",16669955.01,209.36
1660922595,"disk1",17761981.52,309.46
1660922610,"disk1",25944258.08,212.44
1660922625,"disk1",23091344.85,279.28
1660922640,"disk1",17859598.11,726.43
1660922655,"disk1",9926416.09,228.45
1660922670,"disk1",27114482.9,333.49
1660922685,"disk1",14272587.89,259.28
1660922700,"disk1",11556232.19,306.09
1660922715,"disk1",12593776.43,405.54
1660922730,"disk1",20147210.39,263.05
1660922745,"disk1",14045139.03,244.95
1660922760,"disk1",27648582.37,162.7
1660922775,"disk1",10371775.58,186.02
1660922790,"disk1",8180708.41,247.89
1660922805,"disk1",10612563.99,476.79
1660922820,"disk1",9388814.94,418.34
1660922835,"disk1",10109121.33,306.64
1660922850,"disk1",12104390.38,479.67
1660922865,"disk1",11600497.05,255.78
1660922880,"disk1",18670249.1,364.93
1660922895,"disk1",29693973.07,391.41
1660922910,"disk1",13668751.41,233.77
1660922925,"disk1",12311763.3,492.57
1660922940,"disk1",15840820.62,271.21
1660922955,"disk1",12650997.39,591.23
1660922970,"disk1",16305176.05,321.77
1660922985,"disk1",9620236,399.56
1660923000,"disk1",15364193.72,439.28
1660923015,"disk1",22053581.38,297.59
1660923030,"disk1",18384250.13,546.67
1660923045,"disk1",16031211.21,270.41
1660923060,"disk1",18676859.69,240.16
1660923075,"disk1",12273872.06,445.34
1660923090,"disk1",10677449.3,402.11
1660923105,"disk1",19668872.89,238.83
1660923120,"disk1",35729920.84,525.47
1660923135,"disk1",23288321.26,442.76
1660923150,"disk1",12000211.28,282.26
1660923165,"disk1",27720838.02,442.06
1660923180,"disk1",39825677.63,397.22
1660923195,"disk1",31609035.83,407.27
1660923210,"disk1",11328846.67,324.5
1660923225,"disk1",17142715.64,303.57
1660923240,"disk1",23282232.54,519.23
1660923255,"disk1",11552920.82,604.42
1660923270,"disk1",11290691.63,592.34
1660923285,"disk1",13009021.46,438.83
1660923300,"disk1",17982997.67,342.96
1660923315,"disk1",14848867.69,386.2
1660923330,"disk1",16939960.38,342.54
1660923345,"disk1",9784180.93,334.01
1660923360,"disk1",8273819.14,405.26
1660923375,"disk1",12991258.06,381.56
1660923390,"disk1",23182654.53,188.82
1660923405,"disk1",21865291,262.54
1660923420,"disk1",9298562.43,451.39
1660923435,"disk1",14938249.21,285.33
1660923450,"disk1",14833788.98,204.85
1660923465,"disk1",11716616.66,300.88
1660923480,"disk1",14052113.72,655.1
1660923495,"disk1",13226333.79,203.84
1660923510,"disk1",12496632.03,313.81
1660923525,"disk1",13104465.36,316.03
1660923540,"disk1",11182248.58,352.46
1660923555,"disk1",33666913.93,225.7
1660923570,"disk1",19405439.91,292.65
1660923585,"disk1",20295629.6,316.52
1660923600,"disk1",23971827.62,427.3
1660923615,"disk1",29863650.42,326.09
1660923630,"disk1",20682691.3,542.93
1660923645,"disk1",10793849.22,642.68
1660923660,"disk1",10230839.26,345.7
1660923675,"disk1",15207893.88,684.38
1660923690,"disk1",11344020.56,406.27
1660923705,"disk1",12741653.71,295.24
1660923720,"disk1",18801641.66,286.58
1660923735,"disk1",12943882.86,353.08
1660923750,"disk1",12733345.38,306.77
1660923765,"disk1",12501844.64,261.7
1660923780,"disk1",14299444.09,229.53
1660923795,"disk1",11321543.86,355.21
1660923810,"disk1",9695431.28,312.47
1660923825,"disk1",9726397.68,331.61
1660923840,"disk1",10437436.02,497.88
1660923855,"disk1",9677331.41,286.87
1660923870,"disk1",15663527.78,281.07
1660923885,"disk1",23942864.15,NA
1660923900,"disk1",11421206.79,435.51
1660923915,"disk1",9896460.93,201.36
1660923930,"disk1",12145451.21,108.84
1660923945,"disk1",22932830.4,299.16
1660923960,"disk1",21283927.74,225.59
1660923975,"disk1",10965285.87,465.38
1660923990,"disk1",15954809.34,274.86
1660924005,"disk1",17839957.64,175.92
1660924020,"disk1",8128081.09,166.25
1660924035,"disk1",7414259.04,205.1
1660924050,"disk1",9125268.75,302.95
1660924065,"disk1",7431625.82,352.8
1660924080,"disk1",19232199.07,175.83
1660924095,"disk1",21678977.72,144.92
1660924110,"disk1",8316746.74,336.8
1660924125,"disk1",11227570.56,352.33
1660924140,"disk1",11937313.11,222.18
1660924155,"disk1",11813811.36,380.93
1660924170,"disk1",8787848.52,237.98
1660924185,"disk1",19899442.21,283.65
1660924200,"disk1",27914714.49,395.99
1660924215,"disk1",24523107.37,263.18
1660924230,"disk1",15717405.65,NA
1660924245,"disk1",9009583.91,493.1
1660924260,"disk1",8511061.17,269.63
1660924275,"disk1",9526649.82,694.59
1660924290,"disk1",7307363.97,231.22
1660924305,"disk1",9832140.88,493.5
1660924320,"disk1",10852644.06,354.52
1660924335,"disk1",13364244.91,251.67
1660924350,"disk1",9734475.28,224.55
1660924365,"disk1",8633069.76,611.94
1660924380,"disk1",8801254.56,351.74
1660924395,"disk1",13162851,226.56
1660924410,"disk1",10384023.31,460.72
1660924425,"disk1",12849356.03,575.05
1660924440,"disk1",25605387.22,611.61
1660924455,"disk1",17015017.13,409.46
1660924470,"disk1",12059515.17,279.62
1660924485,"disk1",16134260.71,443.11
1660924500,"disk1",13921858.19,328.54
1660924515,"disk1",17462000.72,306.92
1660924530,"disk1",16583242.22,474.63
1660924545,"disk1",11018673.44,324.19
1660924560,"disk1",10758912.33,271.37
1660924575,"disk1",10584948.04,316.01
1660924590,"disk1",15623778.82,330.57
1660924605,"disk1",9608971.21,311.6
1660924620,"disk1",18458244.75,260.33
1660924635,"disk1",11113436.13,450.14
1660924650,"disk1",7844396.16,185.24
1660924665,"disk1",6712950.16,410.13
1660924680,"disk1",24310876.6,382.94
1660924695,"disk1",31523217.23,626.64
1660924710,"disk1",15219148.31,281.91
1660924725,"disk1",8490171.45,613.25
1660924740,"disk1",10372669.73,313.93
1660924755,"disk1",6835763.94,469.82
1660924770,"disk1",8105314.15,195.85
1660924785,"disk1",8538946.77,234.38
1660924800,"disk1",7485673.99,469.85
1660914015,"disk10",32850404.3,581.12
1660914030,"disk10",28998080.85,220.72
1660914045,"disk10",29473176.67,268.53
1660914060,"disk10",NA,NA
1660914075,"disk10",37509245.65,361.83
1660914090,"disk10",26529095.5,230.5
1660914105,"disk10",27874278.83,218.54
1660914120,"disk10",34350835.25,282.02
1660914135,"disk10",36731923.91,383.67
1660914150,"disk10",31345178.59,277.3
1660914165,"disk10",32090887.96,292.04
1660914180,"disk10",32957138.56,320.25
1660914195,"disk10",27997772.38,337.04
1660914210,"disk10",34042797.53,376.32
1660914225,"disk10",37988068.58,723.67
1660914240,"disk10",30262118.96,240.43
1660914255,"disk10",35672002.68,500.78
1660914270,"disk10",35225898.92,362.52
1660914285,"disk10",32529273.62,154.39
1660914300,"disk10",43126164.38,264.34
1660914315,"disk10",44014390.35,490.13
1660914330,"disk10",41601195.48,493.37
1660914345,"disk10",NA,226.79
1660914360,"disk10",22970798.03,484.24
1660914375,"disk10",20799529.94,NA
1660914390,"disk10",23236340.5,297.13
1660914405,"disk10",18817436.01,201.47
1660914420,"disk10",24323680.64,274.36
1660914435,"disk10",34165226.16,265.15
1660914450,"disk10",24973312.61,232.72
1660914465,"disk10",30921457.88,121.26
1660914480,"disk10",33250848.89,461.13
1660914495,"disk10",34077781.46,239.65
1660914510,"disk10",25633169.97,272.54
1660914525,"disk10",33811953.1,355.72
1660914540,"disk10",23133901.63,333.19
1660914555,"disk10",23652940.25,197.95
1660914570,"disk10",24026237.54,390.99
1660914585,"disk10",13468003.28,230.6
1660914600,"disk10",11811774.8,236.83
1660914615,"disk10",13964430.91,228.52
1660914630,"disk10",18552765.16,138.79
1660914645,"disk10",NA,136.92
1660914660,"disk10",NA,113.97
1660914675,"disk10",47588258.19,216.16
1660914690,"disk10",34196050.06,NA
1660914705,"disk10",31992863.14,NA
1660914720,"disk10",46206707.28,676.26
1660914735,"disk10",35550385.95,468.83
1660914750,"disk10",26986659.52,243.88
1660914765,"disk10",22769888.14,519.67
1660914780,"disk10",18383807.62,363.54
1660914795,"disk10",37427272.16,281.79
1660914810,"disk10",19344169.87,217.28
1660914825,"disk10",27199660.8,85.37
1660914840,"disk10",32412548.62,111.91
1660914855,"disk10",36773145.26,354.86
1660914870,"disk10",19578292.95,252.32
1660914885,"disk10",24599742.68,222.52
1660914900,"disk10",26025523.52,336.86
1660914915,"disk10",33566303.14,347.05
1660914930,"disk10",44525155.88,126.6
1660914945,"disk10",37723418.07,189.49
1660914960,"disk10",22107201.2,212.79
1660914975,"disk10",21636727.58,314.2
1660914990,"disk10",21804922.18,376.17
1660915005,"disk10",22971515.44,333.63
1660915020,"disk10",23036656.44,85.57
1660915035,"disk10",34714593.04,246.46
1660915050,"disk10",32754682.18,186.28
1660915065,"disk10",30162551.56,176.49
1660915080,"disk10",34188289.16,182.54
1660915095,"disk10",36530513.87,203.37
1660915110,"disk10",32005077.89,336.72
1660915125,"disk10",35021928.8,296.91
1660915140,"disk10",41948755.8,197.95
1660915155,"disk10",32892037.56,334.95
1660915170,"disk10",34425220.13,348.62
1660915185,"disk10",44946577.63,287.55
1660915200,"disk10",37038783.16,339.76
1660915215,"disk10",32537829.89,230.94
1660915230,"disk10",29850226.52,258.13
1660915245,"disk10",29430140.18,350.84
1660915260,"disk10",32459313.54,413.65
1660915275,"disk10",30520262.3,319.8
1660915290,"disk10",37323063.37,283.97
1660915305,"disk10",28308053.97,544.36
1660915320,"disk10",33461211.75,196.63
1660915335,"disk10",30477408.27,507.06
1660915350,"disk10",24643325.21,338.67
1660915365,"disk10",26408158.66,102.85
1660915380,"disk10",38804618.22,234.56
1660915395,"disk10",32198222.67,292.82
1660915410,"disk10",26257529.49,560.75
1660915425,"disk10",25601612.99,269.07
1660915440,"disk10",29734392.7,357.39
1660915455,"disk10",33631744.07,303.38
1660915470,"disk10",34988273.4,331.21
1660915485,"disk10",40682695.9,271.14
1660915500,"disk10",31012179.01,NA
1660915515,"disk10",25550013.74,286.57
1660915530,"disk10",25787826.19,240.29
1660915545,"disk10",24554324.89,141.38
1660915560,"disk10",31463309.15,148.66
1660915575,"disk10",22031438.48,433.68
1660915590,"disk10",34887274.88,323.05
1660915605,"disk10",26404504.11,237.31
1660915620,"disk10",39010340.49,197.17
1660915635,"disk10",29274563.99,247.91
1660915650,"disk10",22045102.22,307.02
1660915665,"disk10",25758785.05,359.59
1660915680,"disk10",21575590.21,392.64
1660915695,"disk10",21522164.3,367.98
1660915710,"disk10",20447814.19,245.49
1660915725,"disk10",45863639.78,126.78
1660915740,"disk10",35526911.88,246.71
1660915755,"disk10",48988018.24,343.9
1660915770,"disk10",65884283.6,296.8
1660915785,"disk10",29002146.25,193.6
1660915800,"disk10",15909609.99,190.71
1660915815,"disk10",14040557.03,325.79
1660915830,"disk10",20278532.44,298.71
1660915845,"disk10",NA,309.58
1660915860,"disk10",23002764.15,224.29
1660915875,"disk10",42051674.84,139
1660915890,"disk10",58995672.54,501.74
1660915905,"disk10",76082749.04,217.2
1660915920,"disk10",44962367.45,227.89
1660915935,"disk10",38246236.29,235.65
1660915950,"disk10",35789639.48,200.19
1660915965,"disk10",24678694.9,229.35
1660915980,"disk10",23138195.52,133.22
1660915995,"disk10",26558051.5,414.04
1660916010,"disk10",36775026.98,359.23
1660916025,"disk10",34130625.99,469.35
1660916040,"disk10",23389065.25,769.66
1660916055,"disk10",28692985.27,310.83
1660916070,"disk10",38460405.44,230.65
1660916085,"disk10",36216208.8,115.46
1660916100,"disk10",25013244.48,168.74
1660916115,"disk10",27391238.93,NA
1660916130,"disk10",25750075.26,154.63
1660916145,"disk10",21691402.69,500.16
1660916160,"disk10",23963714.13,514.41
1660916175,"disk10",29262647.05,990.15
1660916190,"disk10",42560833.1,449.25
1660916205,"disk10",46295660.85,289.45
1660916220,"disk10",36282870.27,328.65
1660916235,"disk10",42020563.95,199.38
1660916250,"disk10",28700296.22,163.22
1660916265,"disk10",23015593.9,393.75
1660916280,"disk10",31135306.79,317.63
1660916295,"disk10",29533270.48,315.47
1660916310,"disk10",36779093.99,274.38
1660916325,"disk10",23726750.91,241.76
1660916340,"disk10",15588814.24,348.24
1660916355,"disk10",18016705.46,283.63
1660916370,"disk10",37928695.8,231.69
1660916385,"disk10",22580981.11,213.9
1660916400,"disk10",10547276.64,216.12
1660916415,"disk10",11832181.21,923.32
1660916430,"disk10",12322288.13,249.79
1660916445,"disk10",NA,241.82
1660916460,"disk10",12810308.54,87.16
1660916475,"disk10",10810685,476.62
1660916490,"disk10",15053493.23,533.14
1660916505,"disk10",9931732.54,217.72
1660916520,"disk10",27274822.34,560.28
1660916535,"disk10",21056705.67,395.2
1660916550,"disk10",14494374.01,240.71
1660916565,"disk10",15664185.49,272.54
1660916580,"disk10",20604385.74,306.54
1660916595,"disk10",31761140.95,250.97
1660916610,"disk10",18624658.61,419.81
1660916625,"disk10",18753231.41,209.67
1660916640,"disk10",14872370.09,132.37
1660916655,"disk10",19532732.65,140.8
1660916670,"disk10",20566288.5,350.83
1660916685,"disk10",17880853.03,208.93
1660916700,"disk10",17291207.46,154.65
1660916715,"disk10",16966985.53,130.09
1660916730,"disk10",20352057.03,142.21
1660916745,"disk10",15251456.18,99.38
1660916760,"disk10",26038817.62,153.42
1660916775,"disk10",28653293.62,NA
1660916790,"disk10",19433822.19,117.31
1660916805,"disk10",30779778.54,97.15
1660916820,"disk10",18402218.29,121.55
1660916835,"disk10",17370490.65,108.88
1660916850,"disk10",21007018.17,179.18
1660916865,"disk10",18488899.79,91.72
1660916880,"disk10",19519874.54,212.94
1660916895,"disk10",17952911.32,178.13
1660916910,"disk10",17905345.42,154.48
1660916925,"disk10",15209988.03,196.72
1660916940,"disk10",18248299.66,763.11
1660916955,"disk10",22490819.75,296.1
1660916970,"disk10",50919077.19,218.39
1660916985,"disk10",33096313.34,99.58
1660917000,"disk10",22522310.5,177.53
1660917015,"disk10",20091050.06,120.81
1660917030,"disk10",22049973.34,176.88
1660917045,"disk10",23587960.19,207.38
1660917060,"disk10",36431253.35,153.1
1660917075,"disk10",23166372,298.41
1660917090,"disk10",24466705.66,241.91
1660917105,"disk10",24023434.98,361.53
1660917120,"disk10",25506754.97,196.8
1660917135,"disk10",32313826.32,213.41
1660917150,"disk10",42965336.08,261.96
1660917165,"disk10",32521656.72,132.44
1660917180,"disk10",40173387.16,290.49
1660917195,"disk10",44661828.86,168.11
1660917210,"disk10",24800780.97,159.58
1660917225,"disk10",20795650.28,225.1
1660917240,"disk10",22807888.82,193.95
1660917255,"disk10",15412948.34,144.86
1660917270,"disk10",16877846.94,242.4
1660917285,"disk10",22203063.58,143.51
1660917300,"disk10",17358237.97,156.72
1660917315,"disk10",15329569.8,111.53
1660917330,"disk10",20295909.75,116.53
1660917345,"disk10",15305867.95,154.85
1660917360,"disk10",32460724.92,197.6
1660917375,"disk10",26504599.66,153.63
1660917390,"disk10",27424563.22,438.05
1660917405,"disk10",38829226.11,79.56
1660917420,"disk10",24770667.15,313.78
1660917435,"disk10",25056320.78,198.29
1660917450,"disk10",35804609.87,535.65
1660917465,"disk10",28633238.89,67.24
1660917480,"disk10",45826031.6,198.79
1660917495,"disk10",30941665.58,216.92
1660917510,"disk10",24779799.1,401.93
1660917525,"disk10",33025156.76,175.75
1660917540,"disk10",40164412.57,200.46
1660917555,"disk10",49652991.19,166.49
1660917570,"disk10",28923754.08,172.56
1660917585,"disk10",45039120.8,359.44
1660917600,"disk10",41865212.66,451.24
1660917615,"disk10",33408247.11,510.02
1660917630,"disk10",30412213.7,367.51
1660917645,"disk10",NA,181.42
1660917660,"disk10",33227967.77,505.02
1660917675,"disk10",26718181.61,252.83
1660917690,"disk10",26229228.39,261.73
1660917705,"disk10",20046602.95,223.68
1660917720,"disk10",17272046.11,223.39
1660917735,"disk10",19673513.13,144.64
1660917750,"disk10",35196863.9,206.86
1660917765,"disk10",31690300.69,181.59
1660917780,"disk10",33933639.38,141.18
1660917795,"disk10",25477112.09,138.5
1660917810,"disk10",23414730.92,171.16
1660917825,"disk10",25019471.61,113.72
1660917840,"disk10",23339501.01,256.94
1660917855,"disk10",23590686.7,237.38
1660917870,"disk10",36647106.75,184.65
1660917885,"disk10",42725446.4,181.35
1660917900,"disk10",36248368.72,314.18
1660917915,"disk10",24660612.76,215.1
1660917930,"disk10",27446622.34,204.84
1660917945,"disk10",39569974.73,141.66
1660917960,"disk10",15304031.36,294.01
1660917975,"disk10",22525644.86,584.01
1660917990,"disk10",41531202.23,380.1
1660918005,"disk10",25957226.56,315.2
1660918020,"disk10",25116594.01,171.55
1660918035,"disk10",20296092.85,221.63
1660918050,"disk10",11848824.15,339.03
1660918065,"disk10",18770428.78,117.36
1660918080,"disk10",12771092.01,409.76
1660918095,"disk10",17129240.68,188.04
1660918110,"disk10",19499663.36,330.17
1660918125,"disk10",23501047.07,541.44
1660918140,"disk10",11078741.99,91.74
1660918155,"disk10",9508014.39,237.03
1660918170,"disk10",13374460.28,237.5
1660918185,"disk10",14187545.82,NA
1660918200,"disk10",9808692.52,242.02
1660918215,"disk10",13775863.42,212.02
1660918230,"disk10",10749560.49,273.35
1660918245,"disk10",17148440.66,171.55
1660918260,"disk10",14448539.06,96.95
1660918275,"disk10",10251436.13,156.38
1660918290,"disk10",19109702.13,141.05
1660918305,"disk10",30406837.89,121.72
1660918320,"disk10",11465026.93,164.78
1660918335,"disk10",16333818.25,296.64
1660918350,"disk10",19853045.47,302.4
1660918365,"disk10",18473526.2,338.42
1660918380,"disk10",23232991.25,230.47
1660918395,"disk10",21718583.6,217.33
1660918410,"disk10",26691813.97,176.6
1660918425,"disk10",25002157.43,160.01
1660918440,"disk10",24507997.43,258.65
1660918455,"disk10",25269166.56,322.11
1660918470,"disk10",24305713.7,328.66
1660918485,"disk10",21803141.83,300.06
1660918500,"disk10",22652715.66,226.22
1660918515,"disk10",24295457.09,232.29
1660918530,"disk10",19342459.84,524.53
1660918545,"disk10",NA,117.27
1660918560,"disk10",17715649.56,228.82
1660918575,"disk10",26426430.92,353.15
1660918590,"disk10",23921593.01,207.76
1660918605,"disk10",20389149.03,114.86
1660918620,"disk10",26188618.34,204.53
1660918635,"disk10",39407483.67,311.14
1660918650,"disk10",35816128.35,136.71
1660918665,"disk10",30928191.39,145.54
1660918680,"disk10",18469496.3,147.7
1660918695,"disk10",23182008.59,135.31
1660918710,"disk10",25405292.67,163.46
1660918725,"disk10",26930437.57,242.75
1660918740,"disk10",24359953.27,106.01
1660918755,"disk10",21612255.28,63.44
1660918770,"disk10",36569992.93,162.75
1660918785,"disk10",34001323.33,206.5
1660918800,"disk10",43426720.66,147.99
1660918815,"disk10",38668465.96,75.63
1660918830,"disk10",30065545.72,132.27
1660918845,"disk10",32577346.31,69.13
1660918860,"disk10",29883763.66,146.86
1660918875,"disk10",17524536.93,257.92
1660918890,"disk10",15373845.59,145.74
1660918905,"disk10",10413928.93,195.23
1660918920,"disk10",7107412.46,70.93
1660918935,"disk10",12006076.56,163.26
1660918950,"disk10",11757924.97,283.57
1660918965,"disk10",20757764.34,125.7
1660918980,"disk10",29254670.33,88.37
1660918995,"disk10",13673611.47,127.94
1660919010,"disk10",13800056.45,181.22
1660919025,"disk10",16133441.22,171.21
1660919040,"disk10",15008160.05,158.97
1660919055,"disk10",30782877.53,162.35
1660919070,"disk10",29395106.09,204.55
1660919085,"disk10",37129416.76,281.25
1660919100,"disk10",40301565.66,184.64
1660919115,"disk10",25772282.11,217.11
1660919130,"disk10",16705610.91,174.15
1660919145,"disk10",NA,152.88
1660919160,"disk10",29926499.63,180.8
1660919175,"disk10",35000086.91,204
1660919190,"disk10",31349813.98,232.9
1660919205,"disk10",20241341.46,NA
1660919220,"disk10",24706842.61,182.62
1660919235,"disk10",33129567.04,193.74
1660919250,"disk10",22421925.05,230.74
1660919265,"disk10",21053014.42,178.35
1660919280,"disk10",32264328.95,229.14
1660919295,"disk10",45110786.47,415.38
1660919310,"disk10",26834591.19,313.71
1660919325,"disk10",22234112.13,317.22
1660919340,"disk10",23001359.19,144.91
1660919355,"disk10",22988334.07,180.69
1660919370,"disk10",19018697.85,254.29
1660919385,"disk10",33305890.81,237.53
1660919400,"disk10",39091928.79,191.19
1660919415,"disk10",29581661.78,175.44
1660919430,"disk10",32609816.58,359.15
1660919445,"disk10",22944977.74,108.57
1660919460,"disk10",NA,141.38
1660919475,"disk10",21665697.63,372.59
1660919490,"disk10",20228760.42,431.7
1660919505,"disk10",18652604.45,121.47
1660919520,"disk10",39976894.72,136.37
1660919535,"disk10",12802837.55,313.78
1660919550,"disk10",16918012.86,298.47
1660919565,"disk10",23900171.05,364.06
1660919580,"disk10",27332352.02,287.49
1660919595,"disk10",14132607.71,150.66
1660919610,"disk10",10190956.3,134.81
1660919625,"disk10",18773975.13,104.55
1660919640,"disk10",18840548.3,156.32
1660919655,"disk10",11563026.47,87.99
1660919670,"disk10",11081578.15,225.03
1660919685,"disk10",14179519.84,95.58
1660919700,"disk10",19377947.4,126.44
1660919715,"disk10",36445388.39,265.66
1660919730,"disk10",20277357.51,272.75
1660919745,"disk10",34525741.17,135.81
1660919760,"disk10",26427389.13,127.82
1660919775,"disk10",27329585.93,207.24
1660919790,"disk10",24335255.36,164.48
1660919805,"disk10",35616742.04,265.53
1660919820,"disk10",35319381.38,333.5
1660919835,"disk10",32818108.22,347.41
1660919850,"disk10",34619854.74,373.78
1660919865,"disk10",18813979.31,262.24
1660919880,"disk10",20057373.97,166.04
1660919895,"disk10",16969936.91,NA
1660919910,"disk10",12701321.78,243.18
1660919925,"disk10",15145891.07,153.8
1660919940,"disk10",14853050.2,264.54
1660919955,"disk10",14760234.05,278.94
1660919970,"disk10",15450568.49,190.56
1660919985,"disk10",13973277.65,179.01
1660920000,"disk10",43947183.27,297.49
1660920015,"disk10",45033653.43,170.62
1660920030,"disk10",29935434.57,143.54
1660920045,"disk10",19439742.25,294.4
1660920060,"disk10",17081997.14,356.85
1660920075,"disk10",16594507.58,226.42
1660920090,"disk10",43437112.87,229.44
1660920105,"disk10",35147538.7,180.37
1660920120,"disk10",23300409.15,180.53
1660920135,"disk10",20090874.05,153.82
1660920150,"disk10",12618593.76,322.43
1660920165,"disk10",13239102.56,359.09
1660920180,"disk10",10972334.97,243.79
1660920195,"disk10",16857206.94,254.8
1660920210,"disk10",14364500.78,190.02
1660920225,"disk10",35319074.2,154.74
1660920240,"disk10",9909784.05,NA
1660920255,"disk10",10698231.48,327.04
1660920270,"disk10",11040395.53,230.41
1660920285,"disk10",16488165.58,137.92
1660920300,"disk10",25334421.63,464.92
1660920315,"disk10",24131844.89,120.94
1660920330,"disk10",19950890.42,125.44
1660920345,"disk10",11125052.04,287.91
1660920360,"disk10",9199424.14,96.67
1660920375,"disk10",11577941.09,280.38
1660920390,"disk10",14609595.35,154.42
1660920405,"disk10",13969619.94,137.66
1660920420,"disk10",17963851.31,159.83
1660920435,"disk10",23285360.25,329.37
1660920450,"disk10",20225151.52,78.48
1660920465,"disk10",16724989.02,157.55
1660920480,"disk10",19892926.04,80.24
1660920495,"disk10",41355673.33,123.29
1660920510,"disk10",32002559,175.04
1660920525,"disk10",26038306.38,307.94
1660920540,"disk10",18215494.27,137.85
1660920555,"disk10",14085267.1,303.78
1660920570,"disk10",18062424.54,239.59
1660920585,"disk10",17108391.82,231.15
1660920600,"disk10",23117843.59,229.39
1660920615,"disk10",42837620.46,321.42
1660920630,"disk10",22900645.74,303.43
1660920645,"disk10",19521054.7,287.18
1660920660,"disk10",13333124.36,278.91
1660920675,"disk10",27872072.07,227.12
1660920690,"disk10",11657325.15,164.15
1660920705,"disk10",12527705.95,147.61
1660920720,"disk10",12027846.66,97.49
1660920735,"disk10",26841906.96,165.27
1660920750,"disk10",24326899.09,131.33
1660920765,"disk10",13396573.85,107.55
1660920780,"disk10",11509965.28,101.62
1660920795,"disk10",7267877.64,147.62
1660920810,"disk10",24045437.34,91.53
1660920825,"disk10",33541405.57,371.04
1660920840,"disk10",15123646.74,383.32
1660920855,"disk10",26749974.72,473.68
1660920870,"disk10",27962592.69,212.06
1660920885,"disk10",24766007.63,160.26
1660920900,"disk10",17326177.27,173.85
1660920915,"disk10",22426383.38,379.15
1660920930,"disk10",15040638.38,352.9
1660920945,"disk10",16536303.69,245.29
1660920960,"disk10",30476737.15,171.06
1660920975,"disk10",21589002.56,113.69
1660920990,"disk10",15543639.82,120.01
1660921005,"disk10",14652841.12,114.26
1660921020,"disk10",16827641.93,129.34
1660921035,"disk10",17000670.44,137.28
1660921050,"disk10",18355889.37,115.61
1660921065,"disk10",17882660.57,569.17
1660921080,"disk10",15268297.66,173.79
1660921095,"disk10",14728705.27,132.93
1660921110,"disk10",16048288.96,107.44
1660921125,"disk10",16187005.62,142.09
1660921140,"disk10",29918685.86,358.2
1660921155,"disk10",28209585.13,247.76
1660921170,"disk10",20342920.88,216.33
1660921185,"disk10",25462513.87,104.9
1660921200,"disk10",14901814.74,101.36
1660921215,"disk10",8630001.67,131.85
1660921230,"disk10",9609774.46,170.1
1660921245,"disk10",21001530.35,109.42
1660921260,"disk10",9058493.94,105.68
1660921275,"disk10",11329730.05,117.03
1660921290,"disk10",13690253.96,151.88
1660921305,"disk10",10212717.58,253.45
1660921320,"disk10",8896176.07,163.6
1660921335,"disk10",8894306.04,195.88
1660921350,"disk10",11614951.05,159.99
1660921365,"disk10",15548112.91,444.31
1660921380,"disk10",32082341.2,354.02
1660921395,"disk10",20585701.25,236.99
1660921410,"disk10",15203353.19,176.23
1660921425,"disk10",19111794.06,114.01
1660921440,"disk10",14669677.53,174.99
1660921455,"disk10",11446186.2,133.81
1660921470,"disk10",10874723.41,219.03
1660921485,"disk10",12523666.16,388.04
1660921500,"disk10",15028777.63,225.33
1660921515,"disk10",12151671.53,213.04
1660921530,"disk10",38543421.61,367.59
1660921545,"disk10",19570705.97,272.62
1660921560,"disk10",13406455.78,129.28
1660921575,"disk10",24807202.45,120.29
1660921590,"disk10",22755424.85,130.24
1660921605,"disk10",13015093.9,323.26
1660921620,"disk10",15887348.51,276.35
1660921635,"disk10",15140851.67,176.56
1660921650,"disk10",13934372.04,129.39
1660921665,"disk10",13141580.92,65.88
1660921680,"disk10",20157302.74,331.37
1660921695,"disk10",12674616.19,260.35
1660921710,"disk10",13260387.44,144.52
1660921725,"disk10",13583559.87,236.5
1660921740,"disk10",11714978.48,246.24
1660921755,"disk10",13481374.83,205.19
1660921770,"disk10",30101625.72,127.69
1660921785,"disk10",24714246.11,139.35
1660921800,"disk10",23062142.12,231.4
1660921815,"disk10",17387528.37,127.57
1660921830,"disk10",24775864.5,148.21
1660921845,"disk10",26497722.35,100.65
1660921860,"disk10",11755654.66,129.1
1660921875,"disk10",7550697.19,271.44
1660921890,"disk10",9086289.82,75.28
1660921905,"disk10",20773271.05,210.34
1660921920,"disk10",10780714.85,109.8
1660921935,"disk10",10800750.9,131.84
1660921950,"disk10",11198213.46,145.15
1660921965,"disk10",9163577.11,132.41
1660921980,"disk10",9197684.23,173.12
1660921995,"disk10",12349647.87,136.87
1660922010,"disk10",8688451.3,114.53
1660922025,"disk10",NA,129.16
1660922040,"disk10",18062288.28,150.13
1660922055,"disk10",28634109.09,115.2
1660922070,"disk10",13080928.39,414.3
1660922085,"disk10",15901288.13,334.76
1660922100,"disk10",25336344.34,199.81
1660922115,"disk10",23315581.24,253.4
1660922130,"disk10",18753870.62,180.93
1660922145,"disk10",10608977.36,98.52
1660922160,"disk10",24560065.99,76.83
1660922175,"disk10",28247684.91,276.64
1660922190,"disk10",11668524.31,133.83
1660922205,"disk10",14650205.58,134.2
1660922220,"disk10",12462018.11,145.04
1660922235,"disk10",11486072.69,118.09
1660922250,"disk10",8737613.13,85.75
1660922265,"disk10",17317876.99,80.87
1660922280,"disk10",22125548.44,141.67
1660922295,"disk10",29458425.11,232.12
1660922310,"disk10",15898388.01,411.47
1660922325,"disk10",22774559.41,159.97
1660922340,"disk10",24783776.51,198.43
1660922355,"disk10",11878812.51,196.3
1660922370,"disk10",10679756.55,196.78
1660922385,"disk10",10868827.74,163.79
1660922400,"disk10",11105203.83,106.64
1660922415,"disk10",12836524.53,138.77
1660922430,"disk10",12756745.28,145.62
1660922445,"disk10",19360034.2,175.55
1660922460,"disk10",12282275.52,133.38
1660922475,"disk10",13219563.26,230.12
1660922490,"disk10",23688882.64,374.16
1660922505,"disk10",28817579.72,242.94
1660922520,"disk10",30832299.35,166.81
1660922535,"disk10",39551995.15,232.26
1660922550,"disk10",27222182.21,202.77
1660922565,"disk10",13705186.1,331.4
1660922580,"disk10",19019128.08,145.74
1660922595,"disk10",16800583.72,149.64
1660922610,"disk10",24961883.68,124.51
1660922625,"disk10",24066794.91,74.58
1660922640,"disk10",24763479.16,149.05
1660922655,"disk10",26740445.28,188
1660922670,"disk10",34191418.68,121.72
1660922685,"disk10",35815027.9,94.43
1660922700,"disk10",24447464.09,115.85
1660922715,"disk10",19151091.76,174.78
1660922730,"disk10",18154170.63,120.24
1660922745,"disk10",18121666.21,257.79
1660922760,"disk10",17429590.07,411.46
1660922775,"disk10",38434714.58,272.25
1660922790,"disk10",18314160.58,301.32
1660922805,"disk10",15750598.16,150.27
1660922820,"disk10",25536845.82,263.06
1660922835,"disk10",27105197.12,293.52
1660922850,"disk10",22919773.84,200.36
1660922865,"disk10",12318178.2,133.77
1660922880,"disk10",15449057.14,130.02
1660922895,"disk10",14478209.26,251.18
1660922910,"disk10",11966981,195.8
1660922925,"disk10",27111254.15,119.28
1660922940,"disk10",14011373.52,128.37
1660922955,"disk10",17187902.45,124.12
1660922970,"disk10",19892016.38,299.65
1660922985,"disk10",12508186.43,135.84
1660923000,"disk10",11623272.94,89.8
1660923015,"disk10",17508567.54,NA
1660923030,"disk10",18774194.33,90.29
1660923045,"disk10",NA,244.48
1660923060,"disk10",15692807.17,197.82
1660923075,"disk10",26376635,118.22
1660923090,"disk10",26458972.25,220.83
1660923105,"disk10",35871461.22,262.94
1660923120,"disk10",30151945.9,265.3
1660923135,"disk10",35723851.72,172.47
1660923150,"disk10",33005669.94,242.15
1660923165,"disk10",26131355.35,258.48
1660923180,"disk10",18399701.26,191.26
1660923195,"disk10",16671496.85,91.07
1660923210,"disk10",17093644.23,219.19
1660923225,"disk10",20968838.37,285.22
1660923240,"disk10",14615447.09,124.16
1660923255,"disk10",29640383.81,124.76
1660923270,"disk10",21481253.64,103.91
1660923285,"disk10",38875562.34,112.54
1660923300,"disk10",33910796.76,72.26
1660923315,"disk10",39387923.84,175.01
1660923330,"disk10",27533040.74,247.18
1660923345,"disk10",24651736.07,199.27
1660923360,"disk10",28435393.18,320.55
1660923375,"disk10",25619276.55,128.74
1660923390,"disk10",17302488.34,246
1660923405,"disk10",18300519.23,180.86
1660923420,"disk10",18804418.05,271.52
1660923435,"disk10",18658523.38,97.64
1660923450,"disk10",28534059.44,120.29
1660923465,"disk10",25738265.02,92.89
1660923480,"disk10",17917725.04,114.56
1660923495,"disk10",20411103.18,92.71
1660923510,"disk10",19690334.84,96.69
1660923525,"disk10",22851295.03,164.85
1660923540,"disk10",15287176.35,382.52
1660923555,"disk10",10569261.17,96.56
1660923570,"disk10",12363369.81,120.41
1660923585,"disk10",24481330.78,165.62
1660923600,"disk10",34328028.35,218.21
1660923615,"disk10",48747146.73,271.7
1660923630,"disk10",27141862.69,335.33
1660923645,"disk10",NA,213.05
1660923660,"disk10",NA,150.46
1660923675,"disk10",14794379.31,140.16
1660923690,"disk10",12382995.11,84.71
1660923705,"disk10",13866253.34,160.68
1660923720,"disk10",16927552.04,112.06
1660923735,"disk10",20019759,222.06
1660923750,"disk10",15713858.91,172.53
1660923765,"disk10",10712183,171.58
1660923780,"disk10",13685688.23,185.44
1660923795,"disk10",14405364.39,298.8
1660923810,"disk10",16228782.17,554.41
1660923825,"disk10",12651268.79,168.28
1660923840,"disk10",7630612.65,261.16
1660923855,"disk10",8468616.85,149.59
1660923870,"disk10",8401780.11,160.78
1660923885,"disk10",16784363.92,152.84
1660923900,"disk10",17670758.07,138.22
1660923915,"disk10",8387074.49,501.71
1660923930,"disk10",8288891.43,179.05
1660923945,"disk10",19479819.72,171.75
1660923960,"disk10",24249221.58,280.5
1660923975,"disk10",20171283.39,86.23
1660923990,"disk10",18207742.34,228.29
1660924005,"disk10",11147131,214.98
1660924020,"disk10",11282511.96,155.48
1660924035,"disk10",17597392.45,133.03
1660924050,"disk10",11707069.3,204.32
1660924065,"disk10",10593500.58,86.32
1660924080,"disk10",12896209.48,98.23
1660924095,"disk10",11332947.39,200.25
1660924110,"disk10",12390986.54,113.01
1660924125,"disk10",26810150.99,NA
1660924140,"disk10",11214411.1,152.89
1660924155,"disk10",12154024.19,225.43
1660924170,"disk10",13490511.29,122.85
1660924185,"disk10",11365868.46,139.81
1660924200,"disk10",12038035.44,126.41
1660924215,"disk10",10433957.03,146.62
1660924230,"disk10",12851156.73,NA
1660924245,"disk10",16619446.27,329.59
1660924260,"disk10",21042466.05,118.19
1660924275,"disk10",13401356.85,116.26
1660924290,"disk10",12103644.34,230.58
1660924305,"disk10",12000323.42,97.18
1660924320,"disk10",13700979.32,66.62
1660924335,"disk10",15787432.28,179.3
1660924350,"disk10",12194435.81,305.6
1660924365,"disk10",13735055.22,233.15
1660924380,"disk10",12513367.81,235.5
1660924395,"disk10",11366601.41,470.14
1660924410,"disk10",10719809.66,199.3
1660924425,"disk10",20554610.73,79.44
1660924440,"disk10",20607703.01,150.1
1660924455,"disk10",9656612.76,135.51
1660924470,"disk10",10803370.49,136.77
1660924485,"disk10",11016527.42,103.11
1660924500,"disk10",22414646.95,195.41
1660924515,"disk10",22701802.17,248.66
1660924530,"disk10",12297618.49,298.4
1660924545,"disk10",19636543.11,114.49
1660924560,"disk10",18843416.04,129.31
1660924575,"disk10",38041086.68,352.41
1660924590,"disk10",16772481.63,188.95
1660924605,"disk10",13135406.09,320.45
1660924620,"disk10",17026660.99,333
1660924635,"disk10",13459162.28,245.27
1660924650,"disk10",10650895.09,160.14
1660924665,"disk10",NA,311.42
1660924680,"disk10",34646817.84,176.43
1660924695,"disk10",10848932.04,128
1660924710,"disk10",10449168.71,129.55
1660924725,"disk10",8815726.54,170.94
1660924740,"disk10",8907355.5,154.08
1660924755,"disk10",11792134.55,257.45
1660924770,"disk10",12208634.68,260.25
1660924785,"disk10",24830468.58,310.24
1660924800,"disk10",29629283.54,118.14
1660914015,"disk11",18500853.13,158.16
1660914030,"disk11",17401014.79,257.64
1660914045,"disk11",NA,287.89
1660914060,"disk11",34427167.37,316.69
1660914075,"disk11",18776334.89,299.94
1660914090,"disk11",17518258.67,274.21
1660914105,"disk11",17056019.48,170.95
1660914120,"disk11",19225097.95,194.35
1660914135,"disk11",18334662.36,210.01
1660914150,"disk11",25743867.4,255.4
1660914165,"disk11",28466066.55,289.51
1660914180,"disk11",38694439,542.69
1660914195,"disk11",33142201.84,666.17
1660914210,"disk11",18049481,193.68
1660914225,"disk11",25923228.34,477.06
1660914240,"disk11",29369582.4,609.8
1660914255,"disk11",38609357.97,603.97
1660914270,"disk11",34774911.09,353.92
1660914285,"disk11",31577595.52,163.05
1660914300,"disk11",36529140.2,423.7
1660914315,"disk11",29146274.64,479.09
1660914330,"disk11",20900883.86,718.32
1660914345,"disk11",17537234.45,179.89
1660914360,"disk11",13291324.52,337.12
1660914375,"disk11",23370161.97,363.15
1660914390,"disk11",25606894.19,151.24
1660914405,"disk11",16365672.98,393.53
1660914420,"disk11",21822720.65,592.3
1660914435,"disk11",21163008.57,348.48
1660914450,"disk11",21009073.17,288.9
1660914465,"disk11",26223626.95,196.09
1660914480,"disk11",16731746.44,289.28
1660914495,"disk11",31923407.36,280.28
1660914510,"disk11",31891878.42,431.51
1660914525,"disk11",20479104.73,285.75
1660914540,"disk11",33190058.57,478.47
1660914555,"disk11",32397770.13,472.38
1660914570,"disk11",39958912.09,368.67
1660914585,"disk11",41688551.27,409.06
1660914600,"disk11",40492918.06,395.87
1660914615,"disk11",28779702.65,687.73
1660914630,"disk11",33121193.16,955.34
1660914645,"disk11",34516175.05,657.91
1660914660,"disk11",23572744.92,325.42
1660914675,"disk11",31231074.23,368.78
1660914690,"disk11",46322708.5,391.33
1660914705,"disk11",55354569.08,254.37
1660914720,"disk11",45426246.52,249.78
1660914735,"disk11",24431353.91,560.46
1660914750,"disk11",30027885.48,701.14
1660914765,"disk11",34259575.52,667.55
1660914780,"disk11",33109876.94,263.12
1660914795,"disk11",41053446.19,283.32
1660914810,"disk11",49081018.88,583.73
1660914825,"disk11",31432123.36,101.85
1660914840,"disk11",20632860.24,325.05
1660914855,"disk11",13774115.81,555.07
1660914870,"disk11",17230790.26,1413.51
1660914885,"disk11",12567067.66,371.3
1660914900,"disk11",22924974.46,187.72
1660914915,"disk11",20006608.47,234.35
1660914930,"disk11",38381058.14,185.14
1660914945,"disk11",39318988.76,180.46
1660914960,"disk11",33160856.16,220.24
1660914975,"disk11",12963451.61,244.38
1660914990,"disk11",19618909.52,482.74
1660915005,"disk11",10368728.38,463.79
1660915020,"disk11",14707469.99,117.46
1660915035,"disk11",23406497.34,774.25
1660915050,"disk11",31320188.91,163.4
1660915065,"disk11",34049193.03,272.98
1660915080,"disk11",18628235.65,114.57
1660915095,"disk11",19921196.01,208.28
1660915110,"disk11",31368879.18,312.97
1660915125,"disk11",20521277.68,600.68
1660915140,"disk11",30891925.43,199.05
1660915155,"disk11",38357906.65,623.98
1660915170,"disk11",54452439.52,200.84
1660915185,"disk11",29443012.62,282.5
1660915200,"disk11",32777362.75,209.65
1660915215,"disk11",20974452.87,373.25
1660915230,"disk11",22771087.43,269.17
1660915245,"disk11",25796586.25,389.9
1660915260,"disk11",27371019.64,236.3
1660915275,"disk11",37432892.73,493.37
1660915290,"disk11",37542435.27,696.65
1660915305,"disk11",43783092.59,462.91
1660915320,"disk11",36088293.85,111.35
1660915335,"disk11",49751075.79,411.91
1660915350,"disk11",34244499.39,259.7
1660915365,"disk11",41840779.38,120.77
1660915380,"disk11",44316161.54,261.22
1660915395,"disk11",40351842.13,339.9
1660915410,"disk11",41705566.98,357.83
1660915425,"disk11",52950720.07,384.83
1660915440,"disk11",37539344.97,423.86
1660915455,"disk11",28548148.64,631.1
1660915470,"disk11",29526482.25,422.74
1660915485,"disk11",37165409.02,528.24
1660915500,"disk11",53415762.56,137.84
1660915515,"disk11",45258969.85,513.24
1660915530,"disk11",29640002.01,514.77
1660915545,"disk11",28490012.77,171.04
1660915560,"disk11",32829498.54,101.91
1660915575,"disk11",33529331.27,946.78
1660915590,"disk11",37801102.19,473.28
1660915605,"disk11",29408073.83,573.27
1660915620,"disk11",45958448.62,706.68
1660915635,"disk11",32082057.53,441.47
1660915650,"disk11",31513767.11,330.75
1660915665,"disk11",37069947.99,326.06
1660915680,"disk11",33008523.91,364.62
1660915695,"disk11",24896088.05,1237.26
1660915710,"disk11",29195854.61,1250.43
1660915725,"disk11",32901815.39,100.48
1660915740,"disk11",28002854.99,849.25
1660915755,"disk11",22542707.38,371.25
1660915770,"disk11",19720266.39,549.24
1660915785,"disk11",20140876.74,175.59
1660915800,"disk11",16178097.1,387.77
1660915815,"disk11",14453284.31,526.2
1660915830,"disk11",12856475.2,122.95
1660915845,"disk11",15358061.46,497.54
1660915860,"disk11",23745884.6,284.38
1660915875,"disk11",29550176,193.83
1660915890,"disk11",33177470.42,667.34
1660915905,"disk11",27920238.41,332
1660915920,"disk11",31618933.88,353.7
1660915935,"disk11",29398625.33,423.51
1660915950,"disk11",24462029.62,409.59
1660915965,"disk11",19539131.11,385.88
1660915980,"disk11",17980887.57,261.55
1660915995,"disk11",17301553.42,448.31
1660916010,"disk11",25323677.03,270.53
1660916025,"disk11",13101737.24,192.71
1660916040,"disk11",23033678.44,166.9
1660916055,"disk11",31339741.32,211.49
1660916070,"disk11",28960163.95,293.35
1660916085,"disk11",34285506.92,158.79
1660916100,"disk11",18252467.45,109.53
1660916115,"disk11",22387164.32,206.32
1660916130,"disk11",16027539.13,221.76
1660916145,"disk11",17323388.2,317.7
1660916160,"disk11",NA,272.51
1660916175,"disk11",30097904.36,285.65
1660916190,"disk11",30772099.2,387.6
1660916205,"disk11",18874025.03,273.9
1660916220,"disk11",23138155.21,371.28
1660916235,"disk11",22916179.78,156.83
1660916250,"disk11",17010136.52,221.64
1660916265,"disk11",41598620.09,159.13
1660916280,"disk11",36176261.7,234.92
1660916295,"disk11",21773938.93,109.33
1660916310,"disk11",20795863.73,197.29
1660916325,"disk11",16448328.64,353.97
1660916340,"disk11",31877951.91,271.94
1660916355,"disk11",32012155.42,289.8
1660916370,"disk11",28071072.97,163.4
1660916385,"disk11",20048757.77,298.97
1660916400,"disk11",21148300.55,244.76
1660916415,"disk11",24161056.33,150.01
1660916430,"disk11",33658081.82,171.35
1660916445,"disk11",44576136.97,222.99
1660916460,"disk11",43783949.6,522.08
1660916475,"disk11",22135288.89,467.48
1660916490,"disk11",21638850.9,158.36
1660916505,"disk11",23967381.72,331.41
1660916520,"disk11",27692174.69,253.43
1660916535,"disk11",27005116.13,242.04
1660916550,"disk11",25242814.07,171.82
1660916565,"disk11",20972559.82,443.95
1660916580,"disk11",18490886.89,464.75
1660916595,"disk11",22768454.12,512.03
1660916610,"disk11",21681222.77,389.73
1660916625,"disk11",20505559.2,160.43
1660916640,"disk11",17632467.21,456.24
1660916655,"disk11",20011697.64,387.34
1660916670,"disk11",40117155.54,252.64
1660916685,"disk11",51440645.72,154.88
1660916700,"disk11",19688591.95,271.82
1660916715,"disk11",12738714.17,180.38
1660916730,"disk11",18871485.19,206.68
1660916745,"disk11",19658702.06,256.78
1660916760,"disk11",28671485.68,315.16
1660916775,"disk11",37801097.15,465.28
1660916790,"disk11",27257686.3,239.9
1660916805,"disk11",16146939.07,331.98
1660916820,"disk11",12240836.66,516.49
1660916835,"disk11",18238373.32,271.74
1660916850,"disk11",18490511.8,213.88
1660916865,"disk11",13884872.19,230.57
1660916880,"disk11",16080638.68,248.47
1660916895,"disk11",17490811.56,286.63
1660916910,"disk11",18517307.7,326.26
1660916925,"disk11",24797130.6,275.13
1660916940,"disk11",33482204.21,474.45
1660916955,"disk11",24673779.95,241.22
1660916970,"disk11",22356393.54,267.52
1660916985,"disk11",26634005.73,115.26
1660917000,"disk11",29407633.28,290.74
1660917015,"disk11",30674976.86,171.56
1660917030,"disk11",30314345.66,263.27
1660917045,"disk11",27579070.42,661.26
1660917060,"disk11",45509268.3,1162.92
1660917075,"disk11",37327346.84,331.05
1660917090,"disk11",31565641.56,161.68
1660917105,"disk11",25337643.62,587.02
1660917120,"disk11",27974169.98,254.62
1660917135,"disk11",33991003.16,359.33
1660917150,"disk11",28456896.02,477.83
1660917165,"disk11",31374426.76,420.04
1660917180,"disk11",51928984.11,187.87
1660917195,"disk11",28423716.72,162.98
1660917210,"disk11",21106970.19,172.91
1660917225,"disk11",22013945.25,330.49
1660917240,"disk11",19390933.44,144.66
1660917255,"disk11",22036662.39,111.64
1660917270,"disk11",17794647.2,375.54
1660917285,"disk11",23967315.82,269.48
1660917300,"disk11",57110490.13,148.96
1660917315,"disk11",27469016.88,195.15
1660917330,"disk11",25060469.18,168.3
1660917345,"disk11",25093514.66,434.18
1660917360,"disk11",21404004.56,235.95
1660917375,"disk11",29001052.84,310.25
1660917390,"disk11",26119265.58,186.88
1660917405,"disk11",26955700.5,320.36
1660917420,"disk11",33464925.29,460.12
1660917435,"disk11",36833197.81,233.88
1660917450,"disk11",36522584.49,514.54
1660917465,"disk11",21131183.51,154.19
1660917480,"disk11",26939872.48,525.67
1660917495,"disk11",31292374.04,231.27
1660917510,"disk11",15681990.36,543.17
1660917525,"disk11",10882456.78,324.12
1660917540,"disk11",14552050.63,332.55
1660917555,"disk11",16184575.61,222.86
1660917570,"disk11",12091788.04,230.94
1660917585,"disk11",15085268.42,468.31
1660917600,"disk11",18718036.93,333.6
1660917615,"disk11",15595873.25,371.22
1660917630,"disk11",14873984.24,939.4
1660917645,"disk11",12448632.7,179.69
1660917660,"disk11",15448181.11,647.34
1660917675,"disk11",10534501.19,262.53
1660917690,"disk11",13928141.76,309.56
1660917705,"disk11",7408366.56,229.04
1660917720,"disk11",22094482.77,210.96
1660917735,"disk11",14898612.26,377.88
1660917750,"disk11",8843893,177.76
1660917765,"disk11",19850314.27,269.38
1660917780,"disk11",28223889.17,1121.36
1660917795,"disk11",31478647.42,1239.13
1660917810,"disk11",20624022.47,275.58
1660917825,"disk11",25850985.71,319.29
1660917840,"disk11",16639979.91,213.78
1660917855,"disk11",17481936.2,468.9
1660917870,"disk11",18437180.03,293.98
1660917885,"disk11",25709152.32,128.65
1660917900,"disk11",20938566.07,329.44
1660917915,"disk11",25370173.54,423.41
1660917930,"disk11",19657943.61,445.89
1660917945,"disk11",18246013.02,121.49
1660917960,"disk11",17947935.05,448.97
1660917975,"disk11",21625694.46,539.2
1660917990,"disk11",15099946.27,253.81
1660918005,"disk11",18710026.17,363.28
1660918020,"disk11",20928198.04,222.38
1660918035,"disk11",21004424.8,106.86
1660918050,"disk11",16017161.13,179.22
1660918065,"disk11",19687760.61,165.46
1660918080,"disk11",19811833.56,152.22
1660918095,"disk11",25336230.9,121.99
1660918110,"disk11",23133682.91,146.46
1660918125,"disk11",20927501.76,240.49
1660918140,"disk11",23336787.56,342.71
1660918155,"disk11",20261251.5,176.3
1660918170,"disk11",33850900.13,144.4
1660918185,"disk11",37461076.99,132.84
1660918200,"disk11",23807123.12,154.43
1660918215,"disk11",37261601.23,194.97
1660918230,"disk11",35272989.07,271.04
1660918245,"disk11",25136670.57,138.48
1660918260,"disk11",25021508.56,172.99
1660918275,"disk11",20773991.8,98.16
1660918290,"disk11",19967709.7,289.97
1660918305,"disk11",33917613.59,172.56
1660918320,"disk11",38083921.34,229.95
1660918335,"disk11",29855808.31,129.88
1660918350,"disk11",20596650.97,206.28
1660918365,"disk11",33450469.18,353.99
1660918380,"disk11",32541481.01,304.04
1660918395,"disk11",46943512.97,332.42
1660918410,"disk11",33616729.57,285.31
1660918425,"disk11",25535092.15,210.24
1660918440,"disk11",20718620,216.47
1660918455,"disk11",23768443.58,368.48
1660918470,"disk11",35237755.7,267.54
1660918485,"disk11",28562555.13,371.71
1660918500,"disk11",26984162.97,438.25
1660918515,"disk11",20717200.38,211.34
1660918530,"disk11",18077011.91,213.49
1660918545,"disk11",21895689.88,211.98
1660918560,"disk11",22111181.62,224.28
1660918575,"disk11",30669299.48,238.43
1660918590,"disk11",28461568.64,284.37
1660918605,"disk11",34738550.72,220.64
1660918620,"disk11",31886763.38,211.07
1660918635,"disk11",22786744.38,255.72
1660918650,"disk11",30741504.4,112.82
1660918665,"disk11",28869595.21,202.2
1660918680,"disk11",31975738.66,226.07
1660918695,"disk11",35426128.43,315.67
1660918710,"disk11",36363396.33,414.09
1660918725,"disk11",46419306.06,196.08
1660918740,"disk11",42968354.16,285.13
1660918755,"disk11",36840813.48,150.26
1660918770,"disk11",41610941.93,296.3
1660918785,"disk11",29758318.94,453.96
1660918800,"disk11",24080639.64,183.13
1660918815,"disk11",20425901.9,234.81
1660918830,"disk11",23455764.62,453.78
1660918845,"disk11",20650824.05,377.92
1660918860,"disk11",28048074.89,95.96
1660918875,"disk11",26331649.15,248.19
1660918890,"disk11",24383818.37,245.97
1660918905,"disk11",21469545.93,289.93
1660918920,"disk11",19878565.71,221.68
1660918935,"disk11",18783111.95,233.06
1660918950,"disk11",26390781.4,432.93
1660918965,"disk11",18825345.68,410.19
1660918980,"disk11",24236845.18,590.37
1660918995,"disk11",21379888.01,465.36
1660919010,"disk11",19456875.26,239.84
1660919025,"disk11",35895325.35,472.44
1660919040,"disk11",47512380.01,401.42
1660919055,"disk11",22822767.54,724.46
1660919070,"disk11",24690867.79,445.94
1660919085,"disk11",21218668.41,374.78
1660919100,"disk11",20178363.34,274.07
1660919115,"disk11",19418600.03,256.14
1660919130,"disk11",18369859.57,483.05
1660919145,"disk11",19374043.57,368.43
1660919160,"disk11",20163655.97,350.38
1660919175,"disk11",19748681.48,262.4
1660919190,"disk11",19747376.91,216.69
1660919205,"disk11",21543438.67,232.78
1660919220,"disk11",20483512.91,251.38
1660919235,"disk11",16859783.56,561.48
1660919250,"disk11",19214679.12,278.1
1660919265,"disk11",30506435.63,389.06
1660919280,"disk11",18976183.86,603.56
1660919295,"disk11",30555084.66,237.99
1660919310,"disk11",22318965.6,424.95
1660919325,"disk11",22056357.47,281.68
1660919340,"disk11",30016351.96,540.22
1660919355,"disk11",25715932.88,569.12
1660919370,"disk11",14538241.53,475.52
1660919385,"disk11",11449301.41,497.36
1660919400,"disk11",19104333.41,1142.46
1660919415,"disk11",36889960.34,340.46
1660919430,"disk11",29108480.39,643.97
1660919445,"disk11",19051132.11,157.42
1660919460,"disk11",18053468.78,135.52
1660919475,"disk11",16461915.72,292.5
1660919490,"disk11",16767655.81,263.78
1660919505,"disk11",26499735.46,140.24
1660919520,"disk11",33004672.69,79.92
1660919535,"disk11",24725576.38,200.77
1660919550,"disk11",20258257.52,306.57
1660919565,"disk11",26251103.31,192.76
1660919580,"disk11",28263487.11,226.02
1660919595,"disk11",29524037.09,233.3
1660919610,"disk11",31834197.41,373.94
1660919625,"disk11",41165090.38,193.04
1660919640,"disk11",37271811.17,232.48
1660919655,"disk11",39438196.7,432.7
1660919670,"disk11",25098035.8,217.93
1660919685,"disk11",28980936.91,182.57
1660919700,"disk11",31671130.81,365.4
1660919715,"disk11",40189149.35,190.45
1660919730,"disk11",40838050.87,256.83
1660919745,"disk11",NA,222.3
1660919760,"disk11",24963879.5,189.38
1660919775,"disk11",33374271.66,315.94
1660919790,"disk11",18128019.75,703.49
1660919805,"disk11",23085210.95,1538.41
1660919820,"disk11",21623627.21,498.3
1660919835,"disk11",26339529.05,235.55
1660919850,"disk11",23979231.74,161.54
1660919865,"disk11",18535975.12,238.54
1660919880,"disk11",35762587,163.68
1660919895,"disk11",29582087.44,191.82
1660919910,"disk11",20559072.62,200.1
1660919925,"disk11",18263912.93,245.07
1660919940,"disk11",34618152.55,168.47
1660919955,"disk11",35528923.59,245.62
1660919970,"disk11",27227679.2,198.72
1660919985,"disk11",15195033.4,291.98
1660920000,"disk11",18279710.76,162.33
1660920015,"disk11",12656688.05,354.94
1660920030,"disk11",13733467,421.34
1660920045,"disk11",8353788.07,230.46
1660920060,"disk11",14947125.46,295.64
1660920075,"disk11",23806529.07,250.13
1660920090,"disk11",22921092.96,398.04
1660920105,"disk11",28651496.27,415.63
1660920120,"disk11",11046142.1,430.62
1660920135,"disk11",14708536.13,132.88
1660920150,"disk11",11635915.77,112.18
1660920165,"disk11",13526862.7,164.66
1660920180,"disk11",14470020.44,304.57
1660920195,"disk11",28249649.03,228.76
1660920210,"disk11",10177601.26,175.34
1660920225,"disk11",13189033.55,146.6
1660920240,"disk11",13588353.75,192.59
1660920255,"disk11",13218419.36,130.72
1660920270,"disk11",12033484.21,150.38
1660920285,"disk11",13766339.56,576.63
1660920300,"disk11",24233207.12,262.74
1660920315,"disk11",27829763.48,308.56
1660920330,"disk11",22776873.73,168.64
1660920345,"disk11",13589202.85,273.65
1660920360,"disk11",NA,237.24
1660920375,"disk11",12742240.91,230.93
1660920390,"disk11",14970819.43,292.77
1660920405,"disk11",14739106.48,343.29
1660920420,"disk11",20010296.74,471.14
1660920435,"disk11",15915587.63,2209.79
1660920450,"disk11",25239758.44,586.2
1660920465,"disk11",25821664.68,109.07
1660920480,"disk11",20087662.43,262.05
1660920495,"disk11",29336810.88,275.17
1660920510,"disk11",22158416.15,366.35
1660920525,"disk11",30513914.48,335.76
1660920540,"disk11",25451606.19,325.32
1660920555,"disk11",19288480.83,328.73
1660920570,"disk11",13704643.85,239.66
1660920585,"disk11",14832169.61,335.51
1660920600,"disk11",27861472.66,280.16
1660920615,"disk11",27364767.71,184.71
1660920630,"disk11",46989173.2,264.6
1660920645,"disk11",31106430.93,263.29
1660920660,"disk11",NA,344.9
1660920675,"disk11",28349796.26,343.31
1660920690,"disk11",18737480.93,295.58
1660920705,"disk11",8483258.87,379.49
1660920720,"disk11",19087764.5,357.94
1660920735,"disk11",21113211.79,241.25
1660920750,"disk11",31518277.38,316.17
1660920765,"disk11",26853222.38,410.51
1660920780,"disk11",11880515.85,133.96
1660920795,"disk11",8689812.28,340.93
1660920810,"disk11",13638713.14,104.14
1660920825,"disk11",19281569.2,133.77
1660920840,"disk11",8354642.18,123.07
1660920855,"disk11",15409496.95,189.11
1660920870,"disk11",17046581.86,86.84
1660920885,"disk11",16089025.46,176.48
1660920900,"disk11",25653759.71,179.26
1660920915,"disk11",19076332.03,334.43
1660920930,"disk11",12698709.95,619.65
1660920945,"disk11",36296689.3,125.28
1660920960,"disk11",31434146.85,198.41
1660920975,"disk11",23545853.72,103.43
1660920990,"disk11",27111421.36,261.6
1660921005,"disk11",34233056.03,170.71
1660921020,"disk11",29990650.32,116.7
1660921035,"disk11",25194717.22,235.81
1660921050,"disk11",22842312.52,85.46
1660921065,"disk11",39441523.07,161.25
1660921080,"disk11",27029318.11,143.84
1660921095,"disk11",36591292.55,246.84
1660921110,"disk11",20974325.09,128.99
1660921125,"disk11",15363841.25,107.83
1660921140,"disk11",11374901.57,178.33
1660921155,"disk11",11584156.42,265.7
1660921170,"disk11",15463974.55,232.86
1660921185,"disk11",16876644.85,133.27
1660921200,"disk11",14131124.43,76.2
1660921215,"disk11",15739000.46,107.21
1660921230,"disk11",14986530.83,165.21
1660921245,"disk11",16199414.24,174.16
1660921260,"disk11",16519021.44,148.5
1660921275,"disk11",11350051.43,155.96
1660921290,"disk11",10344071.74,196.59
1660921305,"disk11",11873862.3,147.6
1660921320,"disk11",10397314.84,218.3
1660921335,"disk11",24662432.02,276.18
1660921350,"disk11",25439714.11,163.42
1660921365,"disk11",33882829.62,355.73
1660921380,"disk11",38151500.27,244.01
1660921395,"disk11",22732145.25,488.85
1660921410,"disk11",21161952.71,259.46
1660921425,"disk11",32046565.2,173.58
1660921440,"disk11",40624350.94,137.8
1660921455,"disk11",21888153.71,173.31
1660921470,"disk11",24709654.36,313.69
1660921485,"disk11",13802160.25,282.83
1660921500,"disk11",13364676.43,447.78
1660921515,"disk11",16466426.6,520.58
1660921530,"disk11",19263068.72,289.44
1660921545,"disk11",18110270.66,257.86
1660921560,"disk11",15530310.95,207.49
1660921575,"disk11",16155284.51,167.06
1660921590,"disk11",17416529.82,322.52
1660921605,"disk11",13232579.08,218.26
1660921620,"disk11",21418471.5,246.04
1660921635,"disk11",17813370.82,468.63
1660921650,"disk11",22394181.19,160.93
1660921665,"disk11",36048432.88,67
1660921680,"disk11",27114443.86,110.77
1660921695,"disk11",23981769.55,199.58
1660921710,"disk11",27329607.99,111.72
1660921725,"disk11",28430248.36,111.91
1660921740,"disk11",20675894.15,122.3
1660921755,"disk11",32576548.17,123.19
1660921770,"disk11",21089706.63,220.76
1660921785,"disk11",16133134.99,189.9
1660921800,"disk11",17993667.52,144.38
1660921815,"disk11",16006631.85,109.57
1660921830,"disk11",12387795.58,108.75
1660921845,"disk11",14313024.46,171.79
1660921860,"disk11",17962012.25,327.38
1660921875,"disk11",14704260.16,282.56
1660921890,"disk11",16099568.29,106.42
1660921905,"disk11",20874127.36,190.96
1660921920,"disk11",21259800.13,279.41
1660921935,"disk11",19327642.84,321.52
1660921950,"disk11",17327754.93,265.34
1660921965,"disk11",19988451.07,268.88
1660921980,"disk11",20013025.03,147.97
1660921995,"disk11",18029335.04,527.5
1660922010,"disk11",19813783.72,228.59
1660922025,"disk11",19038916.11,435.75
1660922040,"disk11",21186157.7,184.67
1660922055,"disk11",18794081.24,108.49
1660922070,"disk11",20281242.24,102.8
1660922085,"disk11",20156250.66,119.57
1660922100,"disk11",14822777.3,114.22
1660922115,"disk11",27178803.42,172.63
1660922130,"disk11",31662028.56,129.41
1660922145,"disk11",18203143.43,152.26
1660922160,"disk11",13772168.28,126.54
1660922175,"disk11",10676307.72,226.16
1660922190,"disk11",14438599.96,167.53
1660922205,"disk11",8649570.38,125.72
1660922220,"disk11",26137213.92,91.86
1660922235,"disk11",27464520.58,73.82
1660922250,"disk11",15541104.85,80.54
1660922265,"disk11",12438071.11,171.6
1660922280,"disk11",12166009.27,205.46
1660922295,"disk11",17526245.97,251.22
1660922310,"disk11",13107849.27,456.14
1660922325,"disk11",14477860.71,112.62
1660922340,"disk11",14665024.99,197.34
1660922355,"disk11",9247594.09,200.83
1660922370,"disk11",9699362.68,292.39
1660922385,"disk11",14311148.53,410.65
1660922400,"disk11",13135835.44,159.39
1660922415,"disk11",10134383.37,225.78
1660922430,"disk11",12907225.03,145.12
1660922445,"disk11",21984343.21,112.12
1660922460,"disk11",25248746.66,125.99
1660922475,"disk11",9077857.45,167.86
1660922490,"disk11",10457159.06,177.2
1660922505,"disk11",8330331.38,106.55
1660922520,"disk11",20315659.62,141.43
1660922535,"disk11",16784502.64,149.9
1660922550,"disk11",17385429.19,160.82
1660922565,"disk11",20451095.48,109.86
1660922580,"disk11",25914519.01,186.3
1660922595,"disk11",15913686.19,197.58
1660922610,"disk11",25056731.74,214.64
1660922625,"disk11",14085485.69,158.26
1660922640,"disk11",25218003.02,318.06
1660922655,"disk11",26624361.26,203.66
1660922670,"disk11",14213776.1,202.85
1660922685,"disk11",17123897.43,157.83
1660922700,"disk11",18685668.53,223.75
1660922715,"disk11",15299736.85,220.57
1660922730,"disk11",13816455.91,193.6
1660922745,"disk11",14273698.77,244.89
1660922760,"disk11",12067212.12,194.01
1660922775,"disk11",15853778.91,175.26
1660922790,"disk11",19003139.44,188.71
1660922805,"disk11",12456739.11,142.69
1660922820,"disk11",15858198.6,118.28
1660922835,"disk11",14678678.82,103.69
1660922850,"disk11",11725818.8,211.23
1660922865,"disk11",27990961.56,122.09
1660922880,"disk11",13682456.08,121.6
1660922895,"disk11",25911455.84,162.01
1660922910,"disk11",27050888.09,150.78
1660922925,"disk11",27746320.15,151.11
1660922940,"disk11",21596286.43,120.08
1660922955,"disk11",15612614.33,223.92
1660922970,"disk11",17134791.64,205.16
1660922985,"disk11",14914057.55,131.78
1660923000,"disk11",17735549.59,206.59
1660923015,"disk11",28784644.43,133.44
1660923030,"disk11",35314267.03,133.97
1660923045,"disk11",18315879.58,126.74
1660923060,"disk11",20370977.83,82.44
1660923075,"disk11",20424433.94,177.11
1660923090,"disk11",22382968.44,220.93
1660923105,"disk11",18593173.32,129.19
1660923120,"disk11",22630449,127.84
1660923135,"disk11",19235937.76,136.26
1660923150,"disk11",20568140.03,98.09
1660923165,"disk11",19404149.19,187.69
1660923180,"disk11",18549479.8,363.62
1660923195,"disk11",17856495.71,154.77
1660923210,"disk11",15116020.68,118.73
1660923225,"disk11",21942609.8,80.45
1660923240,"disk11",23919920.32,112.87
1660923255,"disk11",21992899.22,50.42
1660923270,"disk11",17543583.8,198.81
1660923285,"disk11",25207587.52,185.71
1660923300,"disk11",20439983.82,105.93
1660923315,"disk11",22453532.68,119.8
1660923330,"disk11",18032880.85,77.44
1660923345,"disk11",17015716.44,138.47
1660923360,"disk11",20022455.9,120.75
1660923375,"disk11",15528872.21,97.51
1660923390,"disk11",16357296.72,145.92
1660923405,"disk11",17317597.38,226.15
1660923420,"disk11",16539968.87,104.63
1660923435,"disk11",20267050.42,64
1660923450,"disk11",24913061.42,65.81
1660923465,"disk11",15171870.42,119.88
1660923480,"disk11",16634128.58,105.37
1660923495,"disk11",14814266.16,74.64
1660923510,"disk11",21244209.72,86.65
1660923525,"disk11",17065772.24,162.18
1660923540,"disk11",18742713.97,401.59
1660923555,"disk11",15027575.4,323.95
1660923570,"disk11",17959195.55,57.35
1660923585,"disk11",17799343.68,83.49
1660923600,"disk11",28946577.72,65.76
1660923615,"disk11",31678983.22,156.48
1660923630,"disk11",15832928.64,152.41
1660923645,"disk11",18979705.7,171.22
1660923660,"disk11",20318406.04,175.32
1660923675,"disk11",18020587.11,102.27
1660923690,"disk11",14592244.95,67.02
1660923705,"disk11",14421753.04,231.22
1660923720,"disk11",16768776.24,141.04
1660923735,"disk11",17707948.78,258.56
1660923750,"disk11",21922667.52,125.48
1660923765,"disk11",45382069.66,211
1660923780,"disk11",33358880.96,316.31
1660923795,"disk11",27213375.09,89.96
1660923810,"disk11",18152449.14,179.11
1660923825,"disk11",33161989.5,263.65
1660923840,"disk11",31496946.55,291.2
1660923855,"disk11",14833045.57,145.62
1660923870,"disk11",16122342.19,99.72
1660923885,"disk11",26244993.82,99.92
1660923900,"disk11",22006144.78,102.64
1660923915,"disk11",20300002.55,154.18
1660923930,"disk11",17691946.76,137.53
1660923945,"disk11",NA,102.14
1660923960,"disk11",23242605.81,152.9
1660923975,"disk11",13882632.09,236.56
1660923990,"disk11",11129984.8,140.61
1660924005,"disk11",17447403.64,66.03
1660924020,"disk11",26139845.17,247.76
1660924035,"disk11",12393159,105.61
1660924050,"disk11",18703121.18,237.11
1660924065,"disk11",20403954.28,117.76
1660924080,"disk11",20227355.94,206.09
1660924095,"disk11",23671626.67,225.72
1660924110,"disk11",10635889.59,173.18
1660924125,"disk11",30405186.22,107.57
1660924140,"disk11",38580187.31,160.15
1660924155,"disk11",14376093.78,133.49
1660924170,"disk11",13285670.62,78.6
1660924185,"disk11",11723724.64,470.72
1660924200,"disk11",10849947.09,195.99
1660924215,"disk11",21407337.87,224.47
1660924230,"disk11",21902994.42,188.8
1660924245,"disk11",21616003.69,103.01
1660924260,"disk11",17966805.26,130.98
1660924275,"disk11",18678566.3,135.24
1660924290,"disk11",12556998.54,194.47
1660924305,"disk11",15576332.16,532.38
1660924320,"disk11",14266352.99,252.84
1660924335,"disk11",22658602.01,209.57
1660924350,"disk11",23351971.3,129.58
1660924365,"disk11",16807114.29,186.72
1660924380,"disk11",12878068.07,156.9
1660924395,"disk11",20487470.25,142.95
1660924410,"disk11",14563268.21,126.83
1660924425,"disk11",14208412.3,90.89
1660924440,"disk11",12926349.74,127.44
1660924455,"disk11",19661148.39,129.1
1660924470,"disk11",12840180.04,93.05
1660924485,"disk11",14725089.35,108.96
1660924500,"disk11",11521941.54,181.83
1660924515,"disk11",12631390.71,201.43
1660924530,"disk11",22963953.84,210.16
1660924545,"disk11",18070666.82,114.68
1660924560,"disk11",11272245.79,119.3
1660924575,"disk11",21909401.11,401.37
1660924590,"disk11",10398780.57,329.28
1660924605,"disk11",7454532.55,159.32
1660924620,"disk11",27433794.18,136.51
1660924635,"disk11",20887069.76,173.97
1660924650,"disk11",10161919.62,171.34
1660924665,"disk11",NA,170.72
1660924680,"disk11",10057426.27,130.91
1660924695,"disk11",13039094.57,131.72
1660924710,"disk11",18213273.21,118.61
1660924725,"disk11",20349322.37,121.45
1660924740,"disk11",10186365.85,172.38
1660924755,"disk11",12219559.46,254.74
1660924770,"disk11",13893126.24,114.87
1660924785,"disk11",40590688.95,164.33
1660924800,"disk11",45166642.46,95.58
1660914015,"disk12",14949990.88,120.95
1660914030,"disk12",18399752,168.19
1660914045,"disk12",22218694.32,255.42
1660914060,"disk12",20981516.7,197.81
1660914075,"disk12",23213176.9,264.33
1660914090,"disk12",18896135.13,178.62
1660914105,"disk12",20120504.09,290.59
1660914120,"disk12",24134877.62,307.69
1660914135,"disk12",22834909.01,279.02
1660914150,"disk12",21873899.32,193.44
1660914165,"disk12",21634056.91,270.88
1660914180,"disk12",19309901.44,193.26
1660914195,"disk12",34399128.5,316.09
1660914210,"disk12",32626412.16,341.36
1660914225,"disk12",21276580.85,274.2
1660914240,"disk12",29662721.07,332.35
1660914255,"disk12",26148109.7,251.17
1660914270,"disk12",27796586.41,308.99
1660914285,"disk12",26478922.93,92.13
1660914300,"disk12",24839095.53,237.96
1660914315,"disk12",31604994.75,246.9
1660914330,"disk12",29987440.01,261.98
1660914345,"disk12",29912251.83,189.21
1660914360,"disk12",24182754.62,330.51
1660914375,"disk12",28097074.78,313.92
1660914390,"disk12",26778410.58,236.08
1660914405,"disk12",27869880.39,911.1
1660914420,"disk12",21162050.17,531.4
1660914435,"disk12",33495845.46,566.32
1660914450,"disk12",31660264.86,208.83
1660914465,"disk12",23866452.89,97.21
1660914480,"disk12",32225033.97,358.61
1660914495,"disk12",39949083.99,366.75
1660914510,"disk12",49686180.04,229.97
1660914525,"disk12",27450109.52,282.44
1660914540,"disk12",26049157.17,613.99
1660914555,"disk12",49689577.05,524.32
1660914570,"disk12",36171800.52,440.38
1660914585,"disk12",31086122.44,230.94
1660914600,"disk12",24832969.59,492.39
1660914615,"disk12",28778024.69,340.61
1660914630,"disk12",40690129.05,372.46
1660914645,"disk12",31957337.38,225.02
1660914660,"disk12",30474195.59,274.85
1660914675,"disk12",35736015.99,454.11
1660914690,"disk12",31721098.33,374.85
1660914705,"disk12",31967819.99,296.41
1660914720,"disk12",33171230.12,421.81
1660914735,"disk12",33411007.36,370.38
1660914750,"disk12",28634327.86,351.69
1660914765,"disk12",31172431.54,486.21
1660914780,"disk12",40162123.24,312.04
1660914795,"disk12",35727161.39,362.38
1660914810,"disk12",36916042.4,504.97
1660914825,"disk12",43378837.9,119.9
1660914840,"disk12",33179332.95,485.3
1660914855,"disk12",23301054.27,344.74
1660914870,"disk12",16894035.87,447.67
1660914885,"disk12",21661839.07,645.54
1660914900,"disk12",26019611.68,442.2
1660914915,"disk12",37833625.03,272.27
1660914930,"disk12",37782269.93,204.26
1660914945,"disk12",34546746.91,207.73
1660914960,"disk12",31404271.74,263.42
1660914975,"disk12",38409997.87,499.93
1660914990,"disk12",38910775.68,478.3
1660915005,"disk12",28604542.02,325.42
1660915020,"disk12",25998799.14,281.6
1660915035,"disk12",39390668.83,400.02
1660915050,"disk12",28367454.12,336.52
1660915065,"disk12",23338132.32,436.75
1660915080,"disk12",29787740.11,239.16
1660915095,"disk12",32501832,279.2
1660915110,"disk12",33184014.63,316.94
1660915125,"disk12",48655159.02,272.66
1660915140,"disk12",48808370.36,96.19
1660915155,"disk12",34962865.01,281.25
1660915170,"disk12",26778285.52,309.9
1660915185,"disk12",24659036.96,156.7
1660915200,"disk12",24189079.42,289.98
1660915215,"disk12",32572148.78,397.92
1660915230,"disk12",26472738.07,609.02
1660915245,"disk12",23064650.94,532.06
1660915260,"disk12",23811048.82,203.91
1660915275,"disk12",22180958.74,326.45
1660915290,"disk12",25868945.84,201.53
1660915305,"disk12",32162701.46,256.15
1660915320,"disk12",33592040.37,206.35
1660915335,"disk12",48280601.79,170.77
1660915350,"disk12",25323712.74,252.07
1660915365,"disk12",21660582.81,117.43
1660915380,"disk12",42292786.06,196.1
1660915395,"disk12",36286780.86,279.45
1660915410,"disk12",33901214.07,395.7
1660915425,"disk12",33278971.27,195.22
1660915440,"disk12",39293356.14,239.37
1660915455,"disk12",36173801.6,260.48
1660915470,"disk12",27926348.25,272.65
1660915485,"disk12",27260827.75,550.36
1660915500,"disk12",27453741.76,178.75
1660915515,"disk12",24177952.56,282.59
1660915530,"disk12",23584331.24,155.54
1660915545,"disk12",24429185.24,204.9
1660915560,"disk12",29686612.53,406.71
1660915575,"disk12",45181487.44,390.62
1660915590,"disk12",40570851.06,347.12
1660915605,"disk12",21371265.36,442.17
1660915620,"disk12",26923947.5,343.9
1660915635,"disk12",23467712.82,334.7
1660915650,"disk12",31580522.83,347.2
1660915665,"disk12",28383010.67,241.3
1660915680,"disk12",34316053.5,237.76
1660915695,"disk12",35856882.95,227.44
1660915710,"disk12",23466018.27,178.04
1660915725,"disk12",23634230.65,286.64
1660915740,"disk12",21935153.32,183.48
1660915755,"disk12",21517742.64,238.42
1660915770,"disk12",18273249.95,308.34
1660915785,"disk12",17282279.58,245.88
1660915800,"disk12",25056113.65,420.22
1660915815,"disk12",20091386.93,377.88
1660915830,"disk12",30132281.58,287.44
1660915845,"disk12",31832470.58,371.4
1660915860,"disk12",30244748.21,141.77
1660915875,"disk12",33171725.76,164.65
1660915890,"disk12",20201865.64,212.96
1660915905,"disk12",25927917.18,217.22
1660915920,"disk12",25867659.39,287.38
1660915935,"disk12",23635938.33,227.97
1660915950,"disk12",37530828.68,298.04
1660915965,"disk12",19235643.22,352.11
1660915980,"disk12",17688294.48,196.83
1660915995,"disk12",15641246.48,225.56
1660916010,"disk12",16732093.11,257.89
1660916025,"disk12",17172528.84,272.72
1660916040,"disk12",22861356.13,163.06
1660916055,"disk12",29417110.38,236.72
1660916070,"disk12",20389686.16,261.42
1660916085,"disk12",21611184.72,203.27
1660916100,"disk12",30271749.97,302.59
1660916115,"disk12",24989111.76,469.41
1660916130,"disk12",25388458.48,316.73
1660916145,"disk12",21216406.75,296.17
1660916160,"disk12",20928647.46,202.33
1660916175,"disk12",19165380.68,246.4
1660916190,"disk12",30434336.93,251.69
1660916205,"disk12",38414051.58,236.97
1660916220,"disk12",26764398.76,385.96
1660916235,"disk12",17582908.87,236.61
1660916250,"disk12",17066700.74,180.76
1660916265,"disk12",29754534.74,161.36
1660916280,"disk12",24381483.29,182.67
1660916295,"disk12",29274081.4,179.68
1660916310,"disk12",31716125.96,305.96
1660916325,"disk12",16171552.51,357.19
1660916340,"disk12",18660262.2,284.05
1660916355,"disk12",25338212.32,169.62
1660916370,"disk12",30688723.68,228.12
1660916385,"disk12",20598768.93,236.67
1660916400,"disk12",33516956.76,220.66
1660916415,"disk12",21143854.86,541.88
1660916430,"disk12",28434540.87,187.52
1660916445,"disk12",18194950.37,154.48
1660916460,"disk12",26098535.97,98.85
1660916475,"disk12",22413588.66,289.2
1660916490,"disk12",19773859.36,495.54
1660916505,"disk12",21761699.19,117.15
1660916520,"disk12",17072885.52,269.02
1660916535,"disk12",20559026.01,255.49
1660916550,"disk12",16501733.08,291.35
1660916565,"disk12",36070448.31,339.44
1660916580,"disk12",38198122.63,866.6
1660916595,"disk12",42739131.98,542.24
1660916610,"disk12",26853567.76,239.28
1660916625,"disk12",30737456.89,165.78
1660916640,"disk12",26601193.38,213.89
1660916655,"disk12",28713741.66,261.95
1660916670,"disk12",28473660.58,242.28
1660916685,"disk12",21046084.6,159.04
1660916700,"disk12",24348972.26,114.61
1660916715,"disk12",20213063.17,340.84
1660916730,"disk12",19671158.41,109.05
1660916745,"disk12",20005087.39,185.52
1660916760,"disk12",16589098.39,226.25
1660916775,"disk12",19031334.67,144.89
1660916790,"disk12",25636602.48,101.84
1660916805,"disk12",35298402.54,87.35
1660916820,"disk12",35950559.42,343.98
1660916835,"disk12",44596434.01,310.77
1660916850,"disk12",45137722.03,185.43
1660916865,"disk12",22604047.3,274.32
1660916880,"disk12",22115346.55,199.23
1660916895,"disk12",20516197.55,177.71
1660916910,"disk12",17155993.01,139.77
1660916925,"disk12",16573663.52,478.35
1660916940,"disk12",15929886.76,467.68
1660916955,"disk12",16854110.32,457.34
1660916970,"disk12",14892808.91,196.1
1660916985,"disk12",9611609.06,214.31
1660917000,"disk12",11372368.54,337.54
1660917015,"disk12",13308970.2,310.42
1660917030,"disk12",15073646.95,227.49
1660917045,"disk12",12905081.66,247.28
1660917060,"disk12",13744382,175.27
1660917075,"disk12",15301764.38,214.33
1660917090,"disk12",27360132.44,169.52
1660917105,"disk12",29875057.32,163.14
1660917120,"disk12",20930756.47,193.19
1660917135,"disk12",16703694.91,175.24
1660917150,"disk12",16370632.76,119.22
1660917165,"disk12",20617993.48,287.2
1660917180,"disk12",21914234.03,364.07
1660917195,"disk12",27402391.33,310.87
1660917210,"disk12",26061520.55,341.9
1660917225,"disk12",44489220,119.95
1660917240,"disk12",19372492.42,614.08
1660917255,"disk12",16061916.73,177.23
1660917270,"disk12",29892222.56,243.17
1660917285,"disk12",19652951.32,225.62
1660917300,"disk12",26900045.32,178.28
1660917315,"disk12",30018549.81,153.84
1660917330,"disk12",28528977.67,139.29
1660917345,"disk12",43396617.62,149.38
1660917360,"disk12",33145874.19,92.56
1660917375,"disk12",37417814.41,162.84
1660917390,"disk12",28402590.78,210.77
1660917405,"disk12",28876379.97,97.9
1660917420,"disk12",25098083.1,96.11
1660917435,"disk12",18904300.17,124.95
1660917450,"disk12",24501464.54,145.95
1660917465,"disk12",18828375.75,112.41
1660917480,"disk12",20244052.56,220.17
1660917495,"disk12",19844417.58,124.84
1660917510,"disk12",25126254.88,98.47
1660917525,"disk12",20799402.05,110.6
1660917540,"disk12",19765771.68,304.48
1660917555,"disk12",21906418.13,228.36
1660917570,"disk12",18830977.08,202.61
1660917585,"disk12",16914806.31,128.44
1660917600,"disk12",28330214.32,148.89
1660917615,"disk12",30717143.02,173
1660917630,"disk12",31729727.23,237.49
1660917645,"disk12",NA,96.63
1660917660,"disk12",34804225.54,260.94
1660917675,"disk12",31747693.9,72.93
1660917690,"disk12",22462899.58,205.22
1660917705,"disk12",22556944.38,398.6
1660917720,"disk12",18008241.19,220.41
1660917735,"disk12",19673067.49,161.84
1660917750,"disk12",19657723.11,310.78
1660917765,"disk12",22807339.38,147.32
1660917780,"disk12",24693444.3,181.72
1660917795,"disk12",23831942.18,212.33
1660917810,"disk12",20818989.95,230.14
1660917825,"disk12",26450702.34,428.74
1660917840,"disk12",26666603.42,282.5
1660917855,"disk12",25825106.5,414.53
1660917870,"disk12",22193623.08,232.48
1660917885,"disk12",30271298.5,88.22
1660917900,"disk12",40650447.69,378.34
1660917915,"disk12",47709436.17,294.51
1660917930,"disk12",42454291.9,165.87
1660917945,"disk12",35027047.12,66.86
1660917960,"disk12",41317034.88,228.13
1660917975,"disk12",36263859.25,188.27
1660917990,"disk12",37005997.15,163.79
1660918005,"disk12",27965570.68,167.93
1660918020,"disk12",25934480.78,192.58
1660918035,"disk12",25920740.93,170.64
1660918050,"disk12",32160138.8,166.18
1660918065,"disk12",39438719.73,114.75
1660918080,"disk12",40240516.66,200.68
1660918095,"disk12",31109776.33,151.79
1660918110,"disk12",32627120.48,159.59
1660918125,"disk12",26394829.74,334.99
1660918140,"disk12",22675949.19,113.9
1660918155,"disk12",31801579.89,242.1
1660918170,"disk12",33230349.81,257.25
1660918185,"disk12",48330011.99,367.15
1660918200,"disk12",38038198.91,396.42
1660918215,"disk12",26295871.42,249.83
1660918230,"disk12",21870212.06,183.94
1660918245,"disk12",29458730.29,126.21
1660918260,"disk12",31429532.72,331.69
1660918275,"disk12",27750186.23,166.56
1660918290,"disk12",17070459.96,171.29
1660918305,"disk12",19583956.19,84.01
1660918320,"disk12",16255018.09,307.8
1660918335,"disk12",20834335.97,210.73
1660918350,"disk12",24306634.13,221.23
1660918365,"disk12",30176008.48,259.24
1660918380,"disk12",20933945.25,205.95
1660918395,"disk12",18257540.13,193.54
1660918410,"disk12",23277413.9,271.45
1660918425,"disk12",19941686.35,261.17
1660918440,"disk12",28894247.13,371.53
1660918455,"disk12",25303954.28,169.73
1660918470,"disk12",22434608.61,271.14
1660918485,"disk12",16117770.33,767.7
1660918500,"disk12",33238824.53,470.38
1660918515,"disk12",20965324.65,459.06
1660918530,"disk12",17603177.69,379.94
1660918545,"disk12",16316954.41,361.83
1660918560,"disk12",13304466.18,334.4
1660918575,"disk12",22692764.05,287.94
1660918590,"disk12",26361430.18,277.9
1660918605,"disk12",27479476.15,89.02
1660918620,"disk12",18979996.4,241.1
1660918635,"disk12",9589745.74,220.11
1660918650,"disk12",10300632.78,374.46
1660918665,"disk12",9822187.68,442.91
1660918680,"disk12",14585647.43,629.21
1660918695,"disk12",15918432.87,416.13
1660918710,"disk12",16297288.6,356.86
1660918725,"disk12",15418906.52,215.98
1660918740,"disk12",22000157.42,253.78
1660918755,"disk12",17153309.07,327.9
1660918770,"disk12",17614823.91,280.49
1660918785,"disk12",20689795.49,607.88
1660918800,"disk12",17898209.76,195.37
1660918815,"disk12",18822312.01,518.83
1660918830,"disk12",19331161.93,250.48
1660918845,"disk12",18063374.1,241.4
1660918860,"disk12",15852112.69,87.03
1660918875,"disk12",17797465.91,130.66
1660918890,"disk12",16606938.59,261.1
1660918905,"disk12",14826742.79,302.55
1660918920,"disk12",17368955.41,248.14
1660918935,"disk12",17171502.09,162.89
1660918950,"disk12",17528888.5,263.55
1660918965,"disk12",17676599.91,185.65
1660918980,"disk12",18905795.78,129.76
1660918995,"disk12",18113174.5,243.25
1660919010,"disk12",17445874.68,174.48
1660919025,"disk12",17102646.03,762.64
1660919040,"disk12",27307227.27,237.53
1660919055,"disk12",35514516.31,136.99
1660919070,"disk12",31039195.91,283.69
1660919085,"disk12",27057490.66,145.37
1660919100,"disk12",19856736.68,332.6
1660919115,"disk12",13155836.42,216.77
1660919130,"disk12",13267284.52,171.57
1660919145,"disk12",19351362.35,131
1660919160,"disk12",27888681.54,372.92
1660919175,"disk12",11494253.4,216.56
1660919190,"disk12",14424086.26,162.7
1660919205,"disk12",19720260.51,166.66
1660919220,"disk12",17843192.31,114.1
1660919235,"disk12",17353550.91,174.44
1660919250,"disk12",16863110.89,249.42
1660919265,"disk12",18242077.18,232.01
1660919280,"disk12",18807705.51,217.34
1660919295,"disk12",16117683.71,82.19
1660919310,"disk12",24247901.62,108.51
1660919325,"disk12",20925083.5,112.5
1660919340,"disk12",24455842.21,103.81
1660919355,"disk12",23358851.46,139.94
1660919370,"disk12",25616513.54,105.36
1660919385,"disk12",21458608.82,110.99
1660919400,"disk12",29250023.11,211.72
1660919415,"disk12",19284699.2,124.12
1660919430,"disk12",18512452.93,208.88
1660919445,"disk12",18857962.42,206.15
1660919460,"disk12",29879441.29,227.76
1660919475,"disk12",30991729.25,204.58
1660919490,"disk12",17159153.68,214.09
1660919505,"disk12",18559748.6,96.66
1660919520,"disk12",20434226.22,118.84
1660919535,"disk12",20295615.54,130.83
1660919550,"disk12",25447314.52,235.19
1660919565,"disk12",28783403.51,140.01
1660919580,"disk12",27133871.53,175.25
1660919595,"disk12",21628283.8,190.69
1660919610,"disk12",21629882.05,117.95
1660919625,"disk12",28966244.2,139.62
1660919640,"disk12",29834144.58,217.95
1660919655,"disk12",31710606.21,187.54
1660919670,"disk12",39580094.72,178.78
1660919685,"disk12",34704886.13,83.97
1660919700,"disk12",34872083.39,145.55
1660919715,"disk12",55016798.37,149.63
1660919730,"disk12",39694947.49,161.34
1660919745,"disk12",23967020.3,247.4
1660919760,"disk12",46972594.01,175.88
1660919775,"disk12",42682205.56,158.16
1660919790,"disk12",32095810.32,285.09
1660919805,"disk12",29941387.93,370.3
1660919820,"disk12",44231796.65,312.14
1660919835,"disk12",46675035.5,316.55
1660919850,"disk12",22082763.25,250.3
1660919865,"disk12",14844554.13,119.96
1660919880,"disk12",18923389.05,138.94
1660919895,"disk12",15230977.74,145.32
1660919910,"disk12",13683281.31,296.29
1660919925,"disk12",20463947.04,113.12
1660919940,"disk12",13902749.5,131.16
1660919955,"disk12",15356491.76,88.18
1660919970,"disk12",12395261.21,157.91
1660919985,"disk12",22760530.09,163.72
1660920000,"disk12",26595602.36,156.08
1660920015,"disk12",14287735.78,119.75
1660920030,"disk12",18084604.99,139.97
1660920045,"disk12",15596021.13,146.11
1660920060,"disk12",24844019.41,115.64
1660920075,"disk12",28221012.97,237.15
1660920090,"disk12",31603209.87,170.21
1660920105,"disk12",13790280.75,226.23
1660920120,"disk12",13729679.45,179.66
1660920135,"disk12",15815929.87,242.95
1660920150,"disk12",16049060.75,193.21
1660920165,"disk12",19191292.84,351.37
1660920180,"disk12",14778723.05,207.66
1660920195,"disk12",16863498.94,148.09
1660920210,"disk12",12907499.08,196.02
1660920225,"disk12",14287367.78,119.28
1660920240,"disk12",15547256.23,333.18
1660920255,"disk12",17900595.91,327.24
1660920270,"disk12",29379938.01,222.06
1660920285,"disk12",27501051.32,229.49
1660920300,"disk12",28231124.85,165.92
1660920315,"disk12",30588219.49,170.78
1660920330,"disk12",23844679.73,256.42
1660920345,"disk12",16407897.97,243.14
1660920360,"disk12",14438435.46,125.31
1660920375,"disk12",13349574.38,322.95
1660920390,"disk12",24455640.79,185.1
1660920405,"disk12",29766508.68,177.18
1660920420,"disk12",19642059.17,211.68
1660920435,"disk12",15100728.36,222.21
1660920450,"disk12",13086097.53,671.36
1660920465,"disk12",11674179.87,94.48
1660920480,"disk12",13887819.58,425.97
1660920495,"disk12",16418632.22,504.93
1660920510,"disk12",10497339.93,285.65
1660920525,"disk12",21304159.2,611.54
1660920540,"disk12",34179431.05,494.78
1660920555,"disk12",28334075,156.72
1660920570,"disk12",34329710.99,327.17
1660920585,"disk12",34697715.6,383.26
1660920600,"disk12",29787015.12,552.65
1660920615,"disk12",35468823.49,256.67
1660920630,"disk12",18569660.41,442.6
1660920645,"disk12",16904955.66,466.12
1660920660,"disk12",24495392.13,217.58
1660920675,"disk12",17779811.8,100.48
1660920690,"disk12",8813556.47,169.69
1660920705,"disk12",14287548.23,125.6
1660920720,"disk12",8829194.48,99.75
1660920735,"disk12",15640278.79,169.3
1660920750,"disk12",15446905.31,140.03
1660920765,"disk12",15298805.97,119.13
1660920780,"disk12",13430219.27,249.49
1660920795,"disk12",13991169.79,81.22
1660920810,"disk12",13116275.47,215.39
1660920825,"disk12",13840824.88,341.21
1660920840,"disk12",12727699.5,75.17
1660920855,"disk12",18057641.47,174.44
1660920870,"disk12",14755215.57,113.38
1660920885,"disk12",16763040.72,276.74
1660920900,"disk12",16470970.04,249.27
1660920915,"disk12",11175192.87,281.93
1660920930,"disk12",10679529.17,116.59
1660920945,"disk12",24398753.7,101.23
1660920960,"disk12",15798529.98,113.19
1660920975,"disk12",25033559.23,118.48
1660920990,"disk12",23125658.97,191.78
1660921005,"disk12",20795574.78,386.63
1660921020,"disk12",18021466.44,166.34
1660921035,"disk12",20736812.79,139.78
1660921050,"disk12",15234888.08,104.08
1660921065,"disk12",14403004.83,100.52
1660921080,"disk12",12657049.58,239.72
1660921095,"disk12",17122171.09,124.97
1660921110,"disk12",25455245.6,280.98
1660921125,"disk12",29766902.63,249.35
1660921140,"disk12",26563926.42,228.8
1660921155,"disk12",18447331.76,242.62
1660921170,"disk12",26605526.58,221.67
1660921185,"disk12",32392389.97,117.49
1660921200,"disk12",33876845.52,135.95
1660921215,"disk12",30243802.23,93.64
1660921230,"disk12",46002592.88,304.27
1660921245,"disk12",27269232.14,95.06
1660921260,"disk12",12684138.87,164.91
1660921275,"disk12",14138078.73,368.04
1660921290,"disk12",13926887.7,211.69
1660921305,"disk12",14580009.98,144.43
1660921320,"disk12",12111229.91,150.07
1660921335,"disk12",16543966.46,131.73
1660921350,"disk12",19047588.85,177.69
1660921365,"disk12",16237323.55,204.77
1660921380,"disk12",14052949.74,81.04
1660921395,"disk12",13757545.87,288.06
1660921410,"disk12",15541527.26,428.68
1660921425,"disk12",10714336.93,329.63
1660921440,"disk12",16624568.36,336.65
1660921455,"disk12",12923390.45,364.72
1660921470,"disk12",10829636.49,267.59
1660921485,"disk12",8014788.2,297.1
1660921500,"disk12",12790042.32,195.45
1660921515,"disk12",11514487.32,160.49
1660921530,"disk12",16884908.74,266.16
1660921545,"disk12",31939650.75,168.9
1660921560,"disk12",16591959.21,78.13
1660921575,"disk12",14907836.2,140.8
1660921590,"disk12",11684052.49,73.55
1660921605,"disk12",12735465.14,100.54
1660921620,"disk12",14797589.82,219.23
1660921635,"disk12",13581661.85,173.07
1660921650,"disk12",15220964.67,157.5
1660921665,"disk12",12240577.98,97.99
1660921680,"disk12",15411633.23,136.15
1660921695,"disk12",18476581.34,139.98
1660921710,"disk12",19398350.95,95.87
1660921725,"disk12",15728863.22,169.71
1660921740,"disk12",17757847.21,158.73
1660921755,"disk12",22587645.29,146.98
1660921770,"disk12",47042913.82,150.07
1660921785,"disk12",35010892.34,332.1
1660921800,"disk12",18022411.82,104.34
1660921815,"disk12",12143175.81,89.67
1660921830,"disk12",18417075.01,387.31
1660921845,"disk12",24006698.23,291.98
1660921860,"disk12",34532383.73,288.76
1660921875,"disk12",23518407.78,257.46
1660921890,"disk12",19352442.93,136.48
1660921905,"disk12",18401176.67,235.84
1660921920,"disk12",15262311.17,201.51
1660921935,"disk12",29909454.38,171.35
1660921950,"disk12",20826396.08,199.89
1660921965,"disk12",21304160.2,234.42
1660921980,"disk12",25858321.6,199.94
1660921995,"disk12",16000903.03,146.48
1660922010,"disk12",17223060.74,160.88
1660922025,"disk12",13266269.18,123.55
1660922040,"disk12",13058777.98,204.95
1660922055,"disk12",17476745.42,347.33
1660922070,"disk12",29705236.62,261.91
1660922085,"disk12",15148987.4,149.74
1660922100,"disk12",15418507.68,205.92
1660922115,"disk12",13966569.62,484.98
1660922130,"disk12",14107220.39,261.44
1660922145,"disk12",14294271.55,288.26
1660922160,"disk12",23688416.47,479.16
1660922175,"disk12",56162837.75,464.92
1660922190,"disk12",29745519.13,122.53
1660922205,"disk12",20412613.22,343.26
1660922220,"disk12",20352720.36,152.43
1660922235,"disk12",17198848.56,193.11
1660922250,"disk12",13848460.14,101.54
1660922265,"disk12",22308695.81,156.09
1660922280,"disk12",28238461.35,196.5
1660922295,"disk12",20386414.96,142.4
1660922310,"disk12",20636133.21,165.92
1660922325,"disk12",17360140.17,150.91
1660922340,"disk12",16360743.39,113.14
1660922355,"disk12",16099341.34,148.94
1660922370,"disk12",21479837.09,91.08
1660922385,"disk12",27128818.84,159.41
1660922400,"disk12",28250953.02,114.67
1660922415,"disk12",26858570.98,105.87
1660922430,"disk12",24156407.46,74.57
1660922445,"disk12",27770721.94,177.86
1660922460,"disk12",20783764.01,116.21
1660922475,"disk12",19010841.43,106.38
1660922490,"disk12",18718372.68,124.53
1660922505,"disk12",21016020.46,252.21
1660922520,"disk12",24988177.05,170.76
1660922535,"disk12",18692004.91,154.14
1660922550,"disk12",20068109.46,97.76
1660922565,"disk12",21978526.34,113.1
1660922580,"disk12",22446544.54,142.63
1660922595,"disk12",18978714.36,89.07
1660922610,"disk12",26902793.32,179.54
1660922625,"disk12",35376792.74,410.8
1660922640,"disk12",19417584.49,93.76
1660922655,"disk12",20230478.22,129.53
1660922670,"disk12",22054211.52,155
1660922685,"disk12",20736432.06,246.45
1660922700,"disk12",18999641.2,183.29
1660922715,"disk12",21941619.32,126.19
1660922730,"disk12",11340966.87,144.63
1660922745,"disk12",14460966.99,206.91
1660922760,"disk12",11950505.73,447.11
1660922775,"disk12",29567393.01,377.97
1660922790,"disk12",11331272.97,190.58
1660922805,"disk12",11062145.01,235.52
1660922820,"disk12",14132070.87,165.7
1660922835,"disk12",25151449.38,296.74
1660922850,"disk12",42157410.83,461.3
1660922865,"disk12",14077294.15,200.65
1660922880,"disk12",15379460.85,216.97
1660922895,"disk12",25877870.29,195.68
1660922910,"disk12",32024124.22,180.31
1660922925,"disk12",30791995.91,256.19
1660922940,"disk12",21071277.39,197.85
1660922955,"disk12",16091723.42,223.21
1660922970,"disk12",10381164.74,340.3
1660922985,"disk12",10826280.66,149.87
1660923000,"disk12",13548196.34,199.29
1660923015,"disk12",13347248.61,150.29
1660923030,"disk12",11203815.66,195.26
1660923045,"disk12",22785391.34,138.24
1660923060,"disk12",10608214.21,131.22
1660923075,"disk12",21167874.16,94.08
1660923090,"disk12",29200822.26,136.5
1660923105,"disk12",9249136.04,158.54
1660923120,"disk12",12919083.97,393.22
1660923135,"disk12",14612156.22,148.81
1660923150,"disk12",16907153.6,172.57
1660923165,"disk12",11564066.46,191.01
1660923180,"disk12",12976526.94,174.99
1660923195,"disk12",15185398.73,130.77
1660923210,"disk12",16888213.86,228.3
1660923225,"disk12",10473104.5,695.77
1660923240,"disk12",17287909.98,307.59
1660923255,"disk12",13802944.63,184.95
1660923270,"disk12",10975557.88,228.24
1660923285,"disk12",16388580.97,125.83
1660923300,"disk12",33651206.95,143.73
1660923315,"disk12",21086050.36,201.02
1660923330,"disk12",21130010.38,299.14
1660923345,"disk12",16797277.06,202.49
1660923360,"disk12",16710873.64,204.58
1660923375,"disk12",22534912.42,202.71
1660923390,"disk12",18414372.89,230.17
1660923405,"disk12",27778927.98,248.65
1660923420,"disk12",41634999.26,189.29
1660923435,"disk12",28253053.84,147.25
1660923450,"disk12",19192605.03,157.48
1660923465,"disk12",18996475.83,254.29
1660923480,"disk12",15030967.71,244.38
1660923495,"disk12",14666525.15,296.09
1660923510,"disk12",11229209.3,193.43
1660923525,"disk12",19618962.13,251.45
1660923540,"disk12",11671718.5,201.72
1660923555,"disk12",15245227.03,226.67
1660923570,"disk12",31341930.62,183.03
1660923585,"disk12",12162143.66,222.83
1660923600,"disk12",12575275.09,220.74
1660923615,"disk12",20422324.84,249.09
1660923630,"disk12",13550766.75,186.84
1660923645,"disk12",11740234.96,195.69
1660923660,"disk12",16877144.36,214.51
1660923675,"disk12",26331331.51,181.42
1660923690,"disk12",35969560.87,165.3
1660923705,"disk12",32317712.44,284.25
1660923720,"disk12",25347867.44,237.44
1660923735,"disk12",27538826.76,319.38
1660923750,"disk12",16693090.52,383.47
1660923765,"disk12",11813358.67,206
1660923780,"disk12",14542908.9,169.04
1660923795,"disk12",13583962.55,285.98
1660923810,"disk12",10168876.03,226.12
1660923825,"disk12",11590141.13,225.46
1660923840,"disk12",9933479.38,178.97
1660923855,"disk12",18947855.8,258.79
1660923870,"disk12",11453373.36,101.73
1660923885,"disk12",10030212.15,199.27
1660923900,"disk12",9379364.25,118.51
1660923915,"disk12",10411079.79,288.41
1660923930,"disk12",9605217.69,97.92
1660923945,"disk12",9563023.93,160.92
1660923960,"disk12",9402706.69,146.15
1660923975,"disk12",9977064.48,142.6
1660923990,"disk12",9317302.08,313.99
1660924005,"disk12",13995304.04,424.94
1660924020,"disk12",15161631.23,290.52
1660924035,"disk12",12012820.87,188.5
1660924050,"disk12",24903328.98,236.85
1660924065,"disk12",10824562.89,191.81
1660924080,"disk12",11462228.76,333.71
1660924095,"disk12",24220918.75,386.65
1660924110,"disk12",11311958.69,217.79
1660924125,"disk12",12302882.46,111.85
1660924140,"disk12",23584358.86,195.41
1660924155,"disk12",21803848.13,135.88
1660924170,"disk12",26755692.36,122.3
1660924185,"disk12",14806750.41,112.7
1660924200,"disk12",12470924.93,136.27
1660924215,"disk12",13814386.9,101.39
1660924230,"disk12",12015273.52,194.9
1660924245,"disk12",15757300.05,168.52
1660924260,"disk12",14418304.36,170.38
1660924275,"disk12",13140597.22,204.38
1660924290,"disk12",12522846.73,171.55
1660924305,"disk12",30940973.78,172.75
1660924320,"disk12",31268424.49,123.9
1660924335,"disk12",13193547.21,349.81
1660924350,"disk12",22268586.25,124.68
1660924365,"disk12",33976208.31,151.6
1660924380,"disk12",46912819.3,162.22
1660924395,"disk12",31299768.89,492.99
1660924410,"disk12",15968767.04,108.62
1660924425,"disk12",14812732.97,120.54
1660924440,"disk12",12701498.6,203.57
1660924455,"disk12",14570007.75,184.7
1660924470,"disk12",25676888.27,160.24
1660924485,"disk12",21485389.44,139.48
1660924500,"disk12",16247824.4,116.74
1660924515,"disk12",13813741.44,152.74
1660924530,"disk12",14440579.36,284.15
1660924545,"disk12",22182522.75,621.76
1660924560,"disk12",22909606.82,106.88
1660924575,"disk12",17291792.54,172.84
1660924590,"disk12",21335097.99,375.77
1660924605,"disk12",20862996.72,262.31
1660924620,"disk12",22113851.84,196.43
1660924635,"disk12",19725340.65,185.71
1660924650,"disk12",16724343.91,140.68
1660924665,"disk12",16194370.96,155.56
1660924680,"disk12",15398023.62,217.05
1660924695,"disk12",18674880.89,161.61
1660924710,"disk12",15389516.36,243.68
1660924725,"disk12",17553410.25,430.71
1660924740,"disk12",14894851.22,273.42
1660924755,"disk12",17684862.69,243.18
1660924770,"disk12",57045040.27,142.13
1660924785,"disk12",32581917.27,169.12
1660924800,"disk12",25189405.79,145.39
1660914015,"disk2",16112340.92,154.88
1660914030,"disk2",15285060.44,134.18
1660914045,"disk2",23713393.69,266.89
1660914060,"disk2",26705894.4,239.2
1660914075,"disk2",22190701.28,263.67
1660914090,"disk2",41106108.4,381.04
1660914105,"disk2",44829321.56,452.86
1660914120,"disk2",23672548.37,223.26
1660914135,"disk2",38078911.2,400.34
1660914150,"disk2",28487014.4,317.24
1660914165,"disk2",21641961.87,201.21
1660914180,"disk2",19761405.78,210.49
1660914195,"disk2",22963128.22,192.18
1660914210,"disk2",26562842.24,503.32
1660914225,"disk2",26682775.07,270.8
1660914240,"disk2",26915639.39,250.2
1660914255,"disk2",25652116.24,246.1
1660914270,"disk2",20578248.15,342.45
1660914285,"disk2",18632073.39,162.17
1660914300,"disk2",19665330.68,202.21
1660914315,"disk2",22853456.79,202.66
1660914330,"disk2",27222403.16,192.12
1660914345,"disk2",24453467.54,271.87
1660914360,"disk2",33274058.62,266.7
1660914375,"disk2",26443922.37,191.5
1660914390,"disk2",38525863.64,333.5
1660914405,"disk2",44763702.64,233.2
1660914420,"disk2",49557836.72,355.46
1660914435,"disk2",46684954.4,427.26
1660914450,"disk2",49012470.85,408.59
1660914465,"disk2",46734823.39,316.24
1660914480,"disk2",41989262.09,386.47
1660914495,"disk2",40232800.52,456.29
1660914510,"disk2",39004626.04,576.33
1660914525,"disk2",35444202.27,458.65
1660914540,"disk2",21762377.91,497.21
1660914555,"disk2",26591897.27,461.27
1660914570,"disk2",17686971.9,412.53
1660914585,"disk2",19295409.57,195.9
1660914600,"disk2",30656662.48,315.69
1660914615,"disk2",17208325.28,174.54
1660914630,"disk2",16432467.3,175.14
1660914645,"disk2",32523957.8,300.74
1660914660,"disk2",36190220.75,234.39
1660914675,"disk2",26017373.48,154.05
1660914690,"disk2",29917039.84,325.99
1660914705,"disk2",45039320.7,528.76
1660914720,"disk2",44488612.48,227.41
1660914735,"disk2",46700963.88,252.78
1660914750,"disk2",36825351.51,461.85
1660914765,"disk2",46086143.03,461.04
1660914780,"disk2",54454517.48,564.23
1660914795,"disk2",55089497.6,415.16
1660914810,"disk2",33276333.35,514.54
1660914825,"disk2",34072092.54,256.5
1660914840,"disk2",30795264.58,612.01
1660914855,"disk2",33104368.76,874.18
1660914870,"disk2",24454772.43,314.52
1660914885,"disk2",27844971.17,396.54
1660914900,"disk2",41026974.5,283.27
1660914915,"disk2",50893490.62,271.59
1660914930,"disk2",62438222.41,183.76
1660914945,"disk2",53351553.62,242.42
1660914960,"disk2",41349134.83,486.87
1660914975,"disk2",33967274.14,655.15
1660914990,"disk2",38172181.15,749.03
1660915005,"disk2",30510015.97,574.84
1660915020,"disk2",30583434.34,240.28
1660915035,"disk2",29116043.67,479.15
1660915050,"disk2",17866879.32,308.94
1660915065,"disk2",19204888.71,392.21
1660915080,"disk2",20347451.31,298.59
1660915095,"disk2",19432258.57,336.64
1660915110,"disk2",21843628.58,304.3
1660915125,"disk2",23880700.3,162.81
1660915140,"disk2",22445384.42,150.31
1660915155,"disk2",19971564.01,200.47
1660915170,"disk2",28753717.29,179.8
1660915185,"disk2",34518188.89,223.28
1660915200,"disk2",30635467.03,169.09
1660915215,"disk2",16357364.66,220.9
1660915230,"disk2",30947407.09,211.92
1660915245,"disk2",23227446.81,209.3
1660915260,"disk2",13344019.36,391.55
1660915275,"disk2",15878960.47,201.55
1660915290,"disk2",19456493.69,266.07
1660915305,"disk2",30218924.48,411.38
1660915320,"disk2",27253049.2,150.9
1660915335,"disk2",31070560.7,295.61
1660915350,"disk2",24420338.56,113.75
1660915365,"disk2",16841479.57,146.17
1660915380,"disk2",26244377.51,320.44
1660915395,"disk2",19101989.23,748.25
1660915410,"disk2",23037329.56,117.6
1660915425,"disk2",30832126,170.15
1660915440,"disk2",26359987.67,300.46
1660915455,"disk2",31471666.68,261.21
1660915470,"disk2",38099995.19,231.21
1660915485,"disk2",28353074.48,270.08
1660915500,"disk2",23462340.03,71.78
1660915515,"disk2",18564203.85,289.37
1660915530,"disk2",28310754.26,134.88
1660915545,"disk2",32188284.21,166.68
1660915560,"disk2",27774278.69,136.72
1660915575,"disk2",37584335.66,305.47
1660915590,"disk2",27524855.25,147.86
1660915605,"disk2",42086659.39,231.07
1660915620,"disk2",33568871.37,250.07
1660915635,"disk2",36523638.48,224.43
1660915650,"disk2",41807478.71,273.28
1660915665,"disk2",45347645.72,580.74
1660915680,"disk2",39226174.44,302.81
1660915695,"disk2",40593447.27,194.44
1660915710,"disk2",42145140.79,136.76
1660915725,"disk2",31565364.34,151.65
1660915740,"disk2",30545970.81,293.08
1660915755,"disk2",35387452.7,271.95
1660915770,"disk2",37433842.64,230.26
1660915785,"disk2",47027236.54,113.52
1660915800,"disk2",37008339.68,366.95
1660915815,"disk2",26687456.47,217.25
1660915830,"disk2",26996766.67,135.46
1660915845,"disk2",27976191.66,115.53
1660915860,"disk2",24788646.51,370.51
1660915875,"disk2",31494170.51,93.81
1660915890,"disk2",25024593.86,280.85
1660915905,"disk2",37180584.64,298.19
1660915920,"disk2",28522867.52,355
1660915935,"disk2",21674939.4,397.04
1660915950,"disk2",18716145.21,322.13
1660915965,"disk2",22175224.82,325.41
1660915980,"disk2",14765946.74,351.8
1660915995,"disk2",33366919.15,308.22
1660916010,"disk2",23470569.91,286.46
1660916025,"disk2",13561632.97,232.52
1660916040,"disk2",20436129.89,273.47
1660916055,"disk2",25429495.78,479.37
1660916070,"disk2",26591274.95,399.01
1660916085,"disk2",15168130.46,228.68
1660916100,"disk2",16101644.28,580.05
1660916115,"disk2",30923691.38,252.79
1660916130,"disk2",33635216.17,197.59
1660916145,"disk2",36949178.4,289.53
1660916160,"disk2",32266009.96,192.29
1660916175,"disk2",27696855.85,343.59
1660916190,"disk2",20349334.91,274.76
1660916205,"disk2",21973558.63,153.32
1660916220,"disk2",26537727.39,138.6
1660916235,"disk2",33433347.74,168.83
1660916250,"disk2",41042837.65,147.87
1660916265,"disk2",18879284.95,283.92
1660916280,"disk2",19878238.64,263.73
1660916295,"disk2",19824616.66,78.8
1660916310,"disk2",22894062.23,187.02
1660916325,"disk2",23769323.08,196.9
1660916340,"disk2",23808797.38,248.78
1660916355,"disk2",27291355.86,119.56
1660916370,"disk2",30804861.15,105.22
1660916385,"disk2",28092177.7,246.59
1660916400,"disk2",51700128.41,309.21
1660916415,"disk2",26869480.36,459.65
1660916430,"disk2",46008500.01,252.99
1660916445,"disk2",41424598.88,197.72
1660916460,"disk2",50203098.57,98.69
1660916475,"disk2",52083886.69,157.79
1660916490,"disk2",47745374.87,211.39
1660916505,"disk2",48496416.87,149.18
1660916520,"disk2",20348638.08,230.72
1660916535,"disk2",17176150.72,265.34
1660916550,"disk2",18749029.04,370.87
1660916565,"disk2",25655958.32,203.58
1660916580,"disk2",33076855.68,143.01
1660916595,"disk2",30010341.01,165.37
1660916610,"disk2",46830459.68,174.54
1660916625,"disk2",40362679.93,209.34
1660916640,"disk2",23398589.92,262.85
1660916655,"disk2",22016524.93,244.41
1660916670,"disk2",16605647.77,246.36
1660916685,"disk2",11987093.79,236.95
1660916700,"disk2",18815520.23,82.38
1660916715,"disk2",15586260.99,393.99
1660916730,"disk2",21163269.6,185.88
1660916745,"disk2",34072081.35,840.37
1660916760,"disk2",38397040.61,359.43
1660916775,"disk2",27834776.34,310.9
1660916790,"disk2",27366555.82,110.63
1660916805,"disk2",41446045.3,125.81
1660916820,"disk2",24500395.74,461.51
1660916835,"disk2",31538630.01,498.76
1660916850,"disk2",26192462.21,464.32
1660916865,"disk2",25830708.67,472.76
1660916880,"disk2",26758302.92,194.62
1660916895,"disk2",23978817.72,169.29
1660916910,"disk2",21774376.21,213.2
1660916925,"disk2",26109429.54,175.62
1660916940,"disk2",22188290.09,320.38
1660916955,"disk2",24479941.92,328.86
1660916970,"disk2",32594182.86,408.4
1660916985,"disk2",27172235.02,107.77
1660917000,"disk2",19697533.19,376.86
1660917015,"disk2",29887155.15,202.74
1660917030,"disk2",33222406.94,292.84
1660917045,"disk2",22868445.17,116.69
1660917060,"disk2",24587695.58,79.18
1660917075,"disk2",22721501.48,159.55
1660917090,"disk2",16550124.09,154.69
1660917105,"disk2",21319703.25,148.34
1660917120,"disk2",20446623.7,295.15
1660917135,"disk2",34807991.44,309.13
1660917150,"disk2",39002457.68,231.66
1660917165,"disk2",30614201.48,197.49
1660917180,"disk2",25194598.86,311.1
1660917195,"disk2",22654705.4,189.8
1660917210,"disk2",17629862.91,234.05
1660917225,"disk2",16645366.43,92.3
1660917240,"disk2",26647730.31,229.7
1660917255,"disk2",19279453.95,227.74
1660917270,"disk2",21912322.19,219.07
1660917285,"disk2",24043066.4,233.15
1660917300,"disk2",20490206.19,147.59
1660917315,"disk2",22808238.42,203.54
1660917330,"disk2",26726731.32,129.2
1660917345,"disk2",25798491.56,141.43
1660917360,"disk2",34376593.34,164.51
1660917375,"disk2",34582537.42,184.83
1660917390,"disk2",22262698.33,270.84
1660917405,"disk2",24496537.73,113.12
1660917420,"disk2",29311157.29,250.35
1660917435,"disk2",32154378.39,230.75
1660917450,"disk2",31374644.5,654.94
1660917465,"disk2",39171512.64,95.65
1660917480,"disk2",47507591.84,346.58
1660917495,"disk2",39057799.51,201.56
1660917510,"disk2",38511964.01,227.96
1660917525,"disk2",16417691.17,192.14
1660917540,"disk2",16854748.3,166.77
1660917555,"disk2",17143388.62,183
1660917570,"disk2",18104697.15,170.7
1660917585,"disk2",19836832.61,348.8
1660917600,"disk2",17512839.04,843.02
1660917615,"disk2",17015347.95,300.34
1660917630,"disk2",16904202.32,266.06
1660917645,"disk2",24289508.12,115.52
1660917660,"disk2",19402390.23,197.89
1660917675,"disk2",16015586.88,171.28
1660917690,"disk2",21139778.22,168.03
1660917705,"disk2",31236332.1,152.38
1660917720,"disk2",29503900.93,228.18
1660917735,"disk2",25892328.13,176.34
1660917750,"disk2",25525197.4,185.76
1660917765,"disk2",30639641.82,255.89
1660917780,"disk2",38769716.27,214.24
1660917795,"disk2",28645043.21,198.12
1660917810,"disk2",32126500.45,207.1
1660917825,"disk2",26882109.34,214.47
1660917840,"disk2",23260255.48,335.4
1660917855,"disk2",25037005.95,350.86
1660917870,"disk2",29689874.6,193.47
1660917885,"disk2",42519138.59,173.9
1660917900,"disk2",22403982.36,391.08
1660917915,"disk2",18320013.3,296.9
1660917930,"disk2",24055759.44,311.26
1660917945,"disk2",36417233.91,124.97
1660917960,"disk2",19400409.86,423.03
1660917975,"disk2",19718066.41,360.96
1660917990,"disk2",18326474.51,427.42
1660918005,"disk2",27404008.43,439.07
1660918020,"disk2",25144000.24,429.31
1660918035,"disk2",27020127.72,138.03
1660918050,"disk2",16063489.17,184.97
1660918065,"disk2",16282056.58,124.83
1660918080,"disk2",15181298.91,162.34
1660918095,"disk2",13297579.42,181.58
1660918110,"disk2",21105357.62,266.24
1660918125,"disk2",17914725.52,152.68
1660918140,"disk2",22903329.1,137.54
1660918155,"disk2",36735475.68,153.04
1660918170,"disk2",28540286.74,136.96
1660918185,"disk2",32851418.23,217.79
1660918200,"disk2",47691980.17,200.49
1660918215,"disk2",34488813.64,133.31
1660918230,"disk2",33661193.51,160.9
1660918245,"disk2",22853056.99,114.84
1660918260,"disk2",21886520.49,104.92
1660918275,"disk2",37371009.95,270.75
1660918290,"disk2",29099430.67,206.13
1660918305,"disk2",34210321.59,161.38
1660918320,"disk2",35194734.09,268.64
1660918335,"disk2",13282753.58,229.41
1660918350,"disk2",24221227.42,306.21
1660918365,"disk2",15402486.6,473.72
1660918380,"disk2",10201174.99,193.96
1660918395,"disk2",27314699.66,235.43
1660918410,"disk2",52132838.34,219.91
1660918425,"disk2",22140085.75,156.79
1660918440,"disk2",14227735.12,187.6
1660918455,"disk2",16208982.66,305.8
1660918470,"disk2",15926117.76,471.31
1660918485,"disk2",15514510.76,192.4
1660918500,"disk2",23386367.53,139.49
1660918515,"disk2",16325377.31,174.09
1660918530,"disk2",12725288.25,302.63
1660918545,"disk2",22364491.16,128
1660918560,"disk2",15595810.09,142.02
1660918575,"disk2",53886825.62,140.78
1660918590,"disk2",50805394.13,266
1660918605,"disk2",28662691.15,129.34
1660918620,"disk2",28097300.1,196.09
1660918635,"disk2",32874126.15,400.66
1660918650,"disk2",25153983.99,143.03
1660918665,"disk2",13624371.36,153.36
1660918680,"disk2",15888350.28,163.4
1660918695,"disk2",31443134.46,79.54
1660918710,"disk2",31234789.78,151.28
1660918725,"disk2",24751725.71,114.17
1660918740,"disk2",35176482.76,198.2
1660918755,"disk2",36607750.4,369.11
1660918770,"disk2",45124028.19,228.04
1660918785,"disk2",30001253.36,256.87
1660918800,"disk2",19090592.25,226.7
1660918815,"disk2",20043336.76,444.39
1660918830,"disk2",20936156.91,300.95
1660918845,"disk2",20710834.41,331.3
1660918860,"disk2",18890612.91,93.7
1660918875,"disk2",26437339.3,125.15
1660918890,"disk2",25153412.86,159.78
1660918905,"disk2",34704474.89,160.59
1660918920,"disk2",21967086.02,273.08
1660918935,"disk2",25927457.12,267.57
1660918950,"disk2",25937164.21,251.38
1660918965,"disk2",21723685.52,79.09
1660918980,"disk2",26584899.37,591.2
1660918995,"disk2",23231494.93,168.71
1660919010,"disk2",27654650.77,217.32
1660919025,"disk2",29422396.76,142.65
1660919040,"disk2",26447421.78,98.23
1660919055,"disk2",18654530.56,299.84
1660919070,"disk2",28801400.41,528.6
1660919085,"disk2",19114832.34,197.84
1660919100,"disk2",19051542.08,110.86
1660919115,"disk2",38405172.26,166.13
1660919130,"disk2",30566957.68,151.82
1660919145,"disk2",25785352.93,142.1
1660919160,"disk2",34130223.14,294.05
1660919175,"disk2",19698209.62,144.79
1660919190,"disk2",11522069.84,122.92
1660919205,"disk2",13277206.01,193.1
1660919220,"disk2",28660799.09,166.96
1660919235,"disk2",13475973.05,703.25
1660919250,"disk2",25528054.11,603.61
1660919265,"disk2",20410358.78,306.73
1660919280,"disk2",19441685.81,314.8
1660919295,"disk2",27998917.39,251.27
1660919310,"disk2",25107241.76,270.08
1660919325,"disk2",23343651.64,111.87
1660919340,"disk2",24795149.14,162.02
1660919355,"disk2",16220054.6,247.21
1660919370,"disk2",12281655.89,277.34
1660919385,"disk2",16282498.32,212.82
1660919400,"disk2",17028231.45,321.13
1660919415,"disk2",15013025.11,359.02
1660919430,"disk2",19199008.72,375.26
1660919445,"disk2",25523946.05,250.64
1660919460,"disk2",42306611.14,116.85
1660919475,"disk2",33138028.83,381.61
1660919490,"disk2",28512129.55,146.92
1660919505,"disk2",26190464.11,223.75
1660919520,"disk2",18502877.6,129.28
1660919535,"disk2",30523394.42,173.12
1660919550,"disk2",21292873.31,198.12
1660919565,"disk2",20959248.25,289.29
1660919580,"disk2",22416064.09,203.69
1660919595,"disk2",25765969.52,229.63
1660919610,"disk2",31801968.14,189.52
1660919625,"disk2",55349031.35,100.09
1660919640,"disk2",33873199.23,316.83
1660919655,"disk2",43155681.96,165.23
1660919670,"disk2",23062351.78,194.92
1660919685,"disk2",29894660.52,70.66
1660919700,"disk2",25205004.62,288.46
1660919715,"disk2",20501470.11,246.48
1660919730,"disk2",25103083.3,381.22
1660919745,"disk2",18612931.13,295.41
1660919760,"disk2",18946830.99,292.08
1660919775,"disk2",19352664.6,228.92
1660919790,"disk2",16946771.11,375.12
1660919805,"disk2",23297268.48,165.51
1660919820,"disk2",20662022.69,266.77
1660919835,"disk2",28621361.06,228.23
1660919850,"disk2",29415490.68,259.23
1660919865,"disk2",21747838.51,451.6
1660919880,"disk2",18784091.54,267.9
1660919895,"disk2",27128610.38,289.13
1660919910,"disk2",21231665.92,268.94
1660919925,"disk2",25363098.15,193.13
1660919940,"disk2",51189631.94,161.26
1660919955,"disk2",56042651.6,187.24
1660919970,"disk2",35815956.68,102.28
1660919985,"disk2",24530627.93,218.78
1660920000,"disk2",22231362.49,110.03
1660920015,"disk2",38571445.74,212.27
1660920030,"disk2",17921137.62,180.73
1660920045,"disk2",18377735.44,218.64
1660920060,"disk2",27440138.32,248.7
1660920075,"disk2",29932690.46,387.12
1660920090,"disk2",28422139.7,224.14
1660920105,"disk2",39759740.46,255.18
1660920120,"disk2",29157804.91,184.93
1660920135,"disk2",13495232.57,105.92
1660920150,"disk2",17413182.42,129.82
1660920165,"disk2",14581374.09,152.66
1660920180,"disk2",14883474.07,129.96
1660920195,"disk2",25248217.62,166.74
1660920210,"disk2",17383416.01,187.98
1660920225,"disk2",25515125.15,279.38
1660920240,"disk2",21699451.45,320.6
1660920255,"disk2",32608994.33,319.81
1660920270,"disk2",16320790.66,292.12
1660920285,"disk2",16330402.72,237.17
1660920300,"disk2",24331817.76,156.25
1660920315,"disk2",41842523.34,310.29
1660920330,"disk2",20320867.61,229.53
1660920345,"disk2",17250620.82,146.33
1660920360,"disk2",27643947.48,108.07
1660920375,"disk2",33573957.97,215.61
1660920390,"disk2",37425922.72,220.79
1660920405,"disk2",30259533.72,238.5
1660920420,"disk2",29111505.03,873.8
1660920435,"disk2",17922062.24,237.03
1660920450,"disk2",20857786.45,367.98
1660920465,"disk2",28484147.09,162.88
1660920480,"disk2",21996185.5,169.15
1660920495,"disk2",19547226.34,253.55
1660920510,"disk2",14565798.64,203.8
1660920525,"disk2",15869237.57,165.52
1660920540,"disk2",16867297.61,221.52
1660920555,"disk2",16229045.87,179.11
1660920570,"disk2",14505231.92,140.28
1660920585,"disk2",16840962.78,213.56
1660920600,"disk2",16726264.34,171.13
1660920615,"disk2",15413387.15,246.05
1660920630,"disk2",11945563.99,206.98
1660920645,"disk2",25688154.99,251.79
1660920660,"disk2",14341542.15,260.86
1660920675,"disk2",14860951.58,178.09
1660920690,"disk2",20132123.96,147.72
1660920705,"disk2",22540649.96,208.8
1660920720,"disk2",20998716.52,194.93
1660920735,"disk2",21371721.18,237.55
1660920750,"disk2",16055555.54,437.21
1660920765,"disk2",27518637.66,546.51
1660920780,"disk2",29853843.91,99.69
1660920795,"disk2",22578370.07,363.2
1660920810,"disk2",15622675.46,183.48
1660920825,"disk2",18122747.59,199.48
1660920840,"disk2",28143993.55,382.59
1660920855,"disk2",47546822.83,144.39
1660920870,"disk2",25949153.08,196.45
1660920885,"disk2",27679047.21,342.04
1660920900,"disk2",29079416.21,291.89
1660920915,"disk2",19976872.44,252.46
1660920930,"disk2",15782049.19,504.69
1660920945,"disk2",22527019.54,317.38
1660920960,"disk2",27469919.27,129.64
1660920975,"disk2",30720955.79,206.1
1660920990,"disk2",17765478.13,166.78
1660921005,"disk2",29074156.4,155.64
1660921020,"disk2",38162398.05,139.93
1660921035,"disk2",35843193.5,213.03
1660921050,"disk2",34113300.87,907.81
1660921065,"disk2",41403541.06,214.98
1660921080,"disk2",38284110.89,166.9
1660921095,"disk2",18827510.72,335.82
1660921110,"disk2",15449625.35,157.69
1660921125,"disk2",16501358.39,133.39
1660921140,"disk2",19247424.03,228.91
1660921155,"disk2",21173806.89,416.71
1660921170,"disk2",21750224.21,167.39
1660921185,"disk2",21409615.18,235.56
1660921200,"disk2",18469292.93,207.19
1660921215,"disk2",20798275.36,301.99
1660921230,"disk2",26769293.93,303.53
1660921245,"disk2",29904006.64,110.28
1660921260,"disk2",20113838.64,114.82
1660921275,"disk2",18746438.62,241.41
1660921290,"disk2",22008840.46,255.3
1660921305,"disk2",19621338.7,142.18
1660921320,"disk2",21134642.56,176.24
1660921335,"disk2",29071797.44,264.52
1660921350,"disk2",37718696.38,208.84
1660921365,"disk2",18455363.07,180.33
1660921380,"disk2",18478050.53,140.08
1660921395,"disk2",19134985.35,150.06
1660921410,"disk2",22155655.3,127.47
1660921425,"disk2",17005131.6,132.14
1660921440,"disk2",14625159.97,276.57
1660921455,"disk2",12949456,137.56
1660921470,"disk2",20489070.57,122.22
1660921485,"disk2",33632458.34,136.33
1660921500,"disk2",16922740.42,72.36
1660921515,"disk2",19332206.45,212.59
1660921530,"disk2",16585181.47,90.73
1660921545,"disk2",16315149.33,116.12
1660921560,"disk2",16538542.27,161.7
1660921575,"disk2",17522823.26,139.68
1660921590,"disk2",13705334.12,185.17
1660921605,"disk2",10942206.42,233.31
1660921620,"disk2",14001355.87,173.4
1660921635,"disk2",17966380.64,248.5
1660921650,"disk2",13428429.45,244.66
1660921665,"disk2",16437013.96,648.18
1660921680,"disk2",18473660.15,112.28
1660921695,"disk2",27637760.95,172.57
1660921710,"disk2",34814919.3,233.23
1660921725,"disk2",30517854.45,384.79
1660921740,"disk2",19476901.39,211.07
1660921755,"disk2",32319858.62,269.92
1660921770,"disk2",18309452.56,258.59
1660921785,"disk2",15153373.46,148.07
1660921800,"disk2",16244873.05,177.66
1660921815,"disk2",18798238.53,101.47
1660921830,"disk2",25895555.94,178.42
1660921845,"disk2",18025751.46,222.49
1660921860,"disk2",15676217.7,272.4
1660921875,"disk2",14719187.72,180.94
1660921890,"disk2",17795009.6,88.75
1660921905,"disk2",32733764.48,318.15
1660921920,"disk2",39227757.88,136.34
1660921935,"disk2",12481557.44,227.29
1660921950,"disk2",10972211.8,316.64
1660921965,"disk2",12888996.06,275.15
1660921980,"disk2",12336431.39,243.22
1660921995,"disk2",10018732.65,366.46
1660922010,"disk2",9519284.79,332.26
1660922025,"disk2",7403578.19,151.29
1660922040,"disk2",11325636.66,122.31
1660922055,"disk2",15165872.05,98.52
1660922070,"disk2",16820159.11,119.68
1660922085,"disk2",27072168.23,167.97
1660922100,"disk2",19993049.09,244.68
1660922115,"disk2",34507618.16,179.28
1660922130,"disk2",24002328.07,140.79
1660922145,"disk2",25445658.01,138.38
1660922160,"disk2",18398095.21,202.77
1660922175,"disk2",26412163.27,198.88
1660922190,"disk2",18086798.78,149.6
1660922205,"disk2",24519824.64,135.3
1660922220,"disk2",16106702.64,154.37
1660922235,"disk2",23533105.05,135.67
1660922250,"disk2",7601532.15,154.39
1660922265,"disk2",7515444.74,192.22
1660922280,"disk2",6693976.4,302.48
1660922295,"disk2",10636769.9,141.37
1660922310,"disk2",12173168.67,274.12
1660922325,"disk2",11457455.62,190.38
1660922340,"disk2",23022958.14,131.55
1660922355,"disk2",33520247.47,162.76
1660922370,"disk2",24208278.97,176.36
1660922385,"disk2",15662562.88,123.53
1660922400,"disk2",21547957.83,103.75
1660922415,"disk2",12688682.91,148.91
1660922430,"disk2",15048602.83,414.38
1660922445,"disk2",16805643.62,113.07
1660922460,"disk2",19241711.08,138.42
1660922475,"disk2",14616078.05,334.08
1660922490,"disk2",13066509.72,114.36
1660922505,"disk2",17288559.12,153.85
1660922520,"disk2",18410002.88,133.21
1660922535,"disk2",25368056.7,146.15
1660922550,"disk2",13357098.36,119.91
1660922565,"disk2",11378679.01,63.68
1660922580,"disk2",16338388.25,99.5
1660922595,"disk2",16194235.56,143.35
1660922610,"disk2",20200600.69,97.38
1660922625,"disk2",18647130.24,280.81
1660922640,"disk2",15973201.19,115.29
1660922655,"disk2",14506999.86,119.33
1660922670,"disk2",14742600.76,207.33
1660922685,"disk2",38058049.57,162.2
1660922700,"disk2",18434274.91,308.8
1660922715,"disk2",16287230.19,246.36
1660922730,"disk2",17432528.3,151.23
1660922745,"disk2",24232373.44,239.07
1660922760,"disk2",16440433.19,144.54
1660922775,"disk2",15960287.11,104.03
1660922790,"disk2",14251260.02,104.21
1660922805,"disk2",18137106.33,212.51
1660922820,"disk2",19486980.35,195.78
1660922835,"disk2",20601705.44,142.15
1660922850,"disk2",15979383.03,92.55
1660922865,"disk2",16665425.49,106.07
1660922880,"disk2",15112645.22,175.09
1660922895,"disk2",20035226.46,270.94
1660922910,"disk2",17189884.53,426.01
1660922925,"disk2",15778851.57,136.44
1660922940,"disk2",14284713.43,118.9
1660922955,"disk2",17008975.7,198.88
1660922970,"disk2",22732603.74,119.7
1660922985,"disk2",19778321.07,98.24
1660923000,"disk2",21789911.46,125.75
1660923015,"disk2",22439322.09,62.38
1660923030,"disk2",28564045.82,170.59
1660923045,"disk2",36060132.52,229.64
1660923060,"disk2",25973923.54,207.63
1660923075,"disk2",15767207.78,167.54
1660923090,"disk2",22724415.15,116.79
1660923105,"disk2",12903947.79,142.21
1660923120,"disk2",13687101.62,165.78
1660923135,"disk2",11920075.66,267.25
1660923150,"disk2",13328339.03,266.43
1660923165,"disk2",14526038.15,333.1
1660923180,"disk2",17961250.07,276.03
1660923195,"disk2",20630099.48,279.76
1660923210,"disk2",18932218.01,158.32
1660923225,"disk2",10418815.7,300.9
1660923240,"disk2",18187193.18,187.78
1660923255,"disk2",15715187.39,211.43
1660923270,"disk2",11783831.14,173.03
1660923285,"disk2",18901831.45,208.94
1660923300,"disk2",20634307.92,73.77
1660923315,"disk2",36491608.5,73.98
1660923330,"disk2",20986531.13,82.54
1660923345,"disk2",28865209,241.24
1660923360,"disk2",15465114.38,133.07
1660923375,"disk2",12162899.58,104.05
1660923390,"disk2",12879212.34,114
1660923405,"disk2",16748210.8,67.67
1660923420,"disk2",27600833.87,202.91
1660923435,"disk2",17189307.27,287.82
1660923450,"disk2",17058806.52,218.61
1660923465,"disk2",19764324.34,133.47
1660923480,"disk2",15580633.37,223.83
1660923495,"disk2",26124661.82,117.88
1660923510,"disk2",24981905.43,123.11
1660923525,"disk2",37276884.53,135.64
1660923540,"disk2",39887246.16,103.74
1660923555,"disk2",23697572.63,160.81
1660923570,"disk2",21933387.53,119.98
1660923585,"disk2",25092885.54,108.96
1660923600,"disk2",22164936.6,149.25
1660923615,"disk2",34045210.99,187.81
1660923630,"disk2",17398994.58,259.08
1660923645,"disk2",17094502.59,138.3
1660923660,"disk2",11814706.85,74.29
1660923675,"disk2",19013190.89,99.58
1660923690,"disk2",16791412.62,114.56
1660923705,"disk2",13406311.27,115.79
1660923720,"disk2",15679029.83,116.09
1660923735,"disk2",15049081.83,200.72
1660923750,"disk2",12801532.62,173.93
1660923765,"disk2",12977791.22,231.3
1660923780,"disk2",15018746.01,125.95
1660923795,"disk2",10952369.67,104.47
1660923810,"disk2",15511764.28,356.12
1660923825,"disk2",14478719.01,122.77
1660923840,"disk2",16527321.24,204.8
1660923855,"disk2",12855618.72,154.73
1660923870,"disk2",12912081.3,133.6
1660923885,"disk2",15432841.03,230.44
1660923900,"disk2",17205383.09,161.98
1660923915,"disk2",14683603.66,160.2
1660923930,"disk2",16581282.09,95.7
1660923945,"disk2",15406540.6,146.48
1660923960,"disk2",25810325.99,161.37
1660923975,"disk2",20992804.42,63.8
1660923990,"disk2",17060836.05,180.69
1660924005,"disk2",13986556.59,115.52
1660924020,"disk2",14694152.31,129.26
1660924035,"disk2",16656099.46,99.12
1660924050,"disk2",13578078.52,154.44
1660924065,"disk2",18222555.9,88.52
1660924080,"disk2",14562360.95,138.35
1660924095,"disk2",23436246.79,158.23
1660924110,"disk2",12885148.46,106.23
1660924125,"disk2",16663479.66,86.49
1660924140,"disk2",10975454.06,144.89
1660924155,"disk2",13527295.23,161.16
1660924170,"disk2",14153584.88,143.28
1660924185,"disk2",13971966.43,158.05
1660924200,"disk2",14086510.82,174.65
1660924215,"disk2",11476293.88,276.74
1660924230,"disk2",11295913.57,323.93
1660924245,"disk2",26335348.52,60.71
1660924260,"disk2",30106800.76,195.85
1660924275,"disk2",14283022.01,141.89
1660924290,"disk2",11173899.48,115.51
1660924305,"disk2",12163507.92,165.43
1660924320,"disk2",18786263.26,174.88
1660924335,"disk2",15246897.49,170.54
1660924350,"disk2",13237827.19,148.84
1660924365,"disk2",20897615.05,214.68
1660924380,"disk2",28132421.87,84.53
1660924395,"disk2",27648965.06,117.33
1660924410,"disk2",9850431.05,141.92
1660924425,"disk2",20070349.82,134.16
1660924440,"disk2",37503896.99,177.22
1660924455,"disk2",27896808.07,155.64
1660924470,"disk2",19300345.95,153.35
1660924485,"disk2",20352872.52,88.3
1660924500,"disk2",24070269.37,78.88
1660924515,"disk2",29409395.02,153.16
1660924530,"disk2",17939252.95,128.24
1660924545,"disk2",28526317.75,94.33
1660924560,"disk2",8741836.62,106.2
1660924575,"disk2",11728773.15,196.43
1660924590,"disk2",9531680.78,126.26
1660924605,"disk2",9825813.37,238.07
1660924620,"disk2",8094237.39,321.96
1660924635,"disk2",7726493.52,152.11
1660924650,"disk2",10146964.71,181.49
1660924665,"disk2",11565044.31,119.82
1660924680,"disk2",10321933.9,102.97
1660924695,"disk2",16946056.13,92.55
1660924710,"disk2",21734331.71,115.49
1660924725,"disk2",20287068.84,725.3
1660924740,"disk2",16094987.28,142.62
1660924755,"disk2",11149152.28,140.48
1660924770,"disk2",13546764.51,311.21
1660924785,"disk2",14149607.42,85.38
1660924800,"disk2",13334912.04,203.81
1660914015,"disk3",22540588.32,186.97
1660914030,"disk3",27947427.92,209.24
1660914045,"disk3",NA,312.29
1660914060,"disk3",40667120.95,616.45
1660914075,"disk3",26045604.63,346.88
1660914090,"disk3",NA,307.35
1660914105,"disk3",20370553.31,285.36
1660914120,"disk3",9799607.91,113.96
1660914135,"disk3",17461436.54,219.1
1660914150,"disk3",22096197.7,273.22
1660914165,"disk3",NA,163.16
1660914180,"disk3",23814433.98,229.24
1660914195,"disk3",29444681.41,292.69
1660914210,"disk3",23179880.81,1035.3
1660914225,"disk3",14485304.94,139.06
1660914240,"disk3",20611373.23,293.31
1660914255,"disk3",27607692.4,265.39
1660914270,"disk3",25138571.34,248.48
1660914285,"disk3",NA,80.43
1660914300,"disk3",26019172.61,228.02
1660914315,"disk3",29239732.44,218.16
1660914330,"disk3",30021235.33,254.48
1660914345,"disk3",NA,138.08
1660914360,"disk3",31640167.02,285.67
1660914375,"disk3",24180114.42,198.39
1660914390,"disk3",28654245.56,355.58
1660914405,"disk3",20343342.95,198.95
1660914420,"disk3",18569917.7,372.38
1660914435,"disk3",19029837.23,193.58
1660914450,"disk3",15839709.43,183.9
1660914465,"disk3",24990334.57,111.66
1660914480,"disk3",41443743.13,203.56
1660914495,"disk3",33040106.99,128.57
1660914510,"disk3",35146583.19,249.86
1660914525,"disk3",39752534.16,440.12
1660914540,"disk3",35027679.07,296.13
1660914555,"disk3",21851130.82,478.31
1660914570,"disk3",27527026.03,421.05
1660914585,"disk3",27609611.38,293.94
1660914600,"disk3",25977418.95,246.21
1660914615,"disk3",24268841.15,251.01
1660914630,"disk3",29312284.64,296.39
1660914645,"disk3",25923400.41,211.04
1660914660,"disk3",NA,223.74
1660914675,"disk3",28688687.74,261.73
1660914690,"disk3",31453476.25,217.15
1660914705,"disk3",NA,209.22
1660914720,"disk3",42869395.4,251.33
1660914735,"disk3",40020200,302.96
1660914750,"disk3",47234662.68,376.94
1660914765,"disk3",NA,347.54
1660914780,"disk3",21543484.93,480.89
1660914795,"disk3",17531340.94,579.23
1660914810,"disk3",26390224.97,171.33
1660914825,"disk3",NA,120.55
1660914840,"disk3",34827158.58,218.87
1660914855,"disk3",17644586.77,434.64
1660914870,"disk3",20033369.48,243.85
1660914885,"disk3",21371616.17,323.43
1660914900,"disk3",19594768.95,345.82
1660914915,"disk3",29869186.38,143.11
1660914930,"disk3",24263810.13,211.39
1660914945,"disk3",NA,175.31
1660914960,"disk3",31277861.53,178.71
1660914975,"disk3",13174662.24,249.09
1660914990,"disk3",14887243.17,294.86
1660915005,"disk3",15956876.9,250.89
1660915020,"disk3",26111837.04,770
1660915035,"disk3",29345088.47,307.35
1660915050,"disk3",32189711.55,81.22
1660915065,"disk3",25180993.82,127.04
1660915080,"disk3",49476567.84,138.82
1660915095,"disk3",46044428.6,228.34
1660915110,"disk3",41025835.59,215.22
1660915125,"disk3",42434128.21,251.4
1660915140,"disk3",NA,236.01
1660915155,"disk3",19248670.15,214.7
1660915170,"disk3",21713142.52,393.8
1660915185,"disk3",38995738.18,311.58
1660915200,"disk3",53037188.57,1035.91
1660915215,"disk3",47285096.78,374.99
1660915230,"disk3",55214631.66,431.92
1660915245,"disk3",NA,339.42
1660915260,"disk3",41784130.68,243.08
1660915275,"disk3",26015170.67,163.48
1660915290,"disk3",NA,190.05
1660915305,"disk3",NA,514.43
1660915320,"disk3",35773686.09,80.79
1660915335,"disk3",34762835.35,505.4
1660915350,"disk3",30815177.59,457.87
1660915365,"disk3",38691677.84,43.25
1660915380,"disk3",31053012.04,474.32
1660915395,"disk3",32102960.67,435.99
1660915410,"disk3",31134815.34,362.23
1660915425,"disk3",NA,231.87
1660915440,"disk3",25222727.11,215.37
1660915455,"disk3",35975882.05,240.88
1660915470,"disk3",28114130.11,293.38
1660915485,"disk3",NA,325.74
1660915500,"disk3",26773548.94,152.94
1660915515,"disk3",39924778.26,263.32
1660915530,"disk3",NA,501.23
1660915545,"disk3",34630004.95,102.75
1660915560,"disk3",NA,109.5
1660915575,"disk3",29886945.01,384.01
1660915590,"disk3",27934965.17,288.49
1660915605,"disk3",NA,267.8
1660915620,"disk3",33442483.24,372.76
1660915635,"disk3",40973138.11,203.15
1660915650,"disk3",45891192.3,386.89
1660915665,"disk3",53865143.35,227.89
1660915680,"disk3",44524065.9,240.44
1660915695,"disk3",38916258.83,225.26
1660915710,"disk3",27782166.93,322.75
1660915725,"disk3",NA,127.07
1660915740,"disk3",28292275.88,544.46
1660915755,"disk3",50050238.15,307.55
1660915770,"disk3",28972809.62,237.44
1660915785,"disk3",27614504.09,113.83
1660915800,"disk3",40654645.5,228.94
1660915815,"disk3",NA,179.69
1660915830,"disk3",NA,102.54
1660915845,"disk3",45673868.68,86.47
1660915860,"disk3",38215183.67,214.98
1660915875,"disk3",37406940.37,331.35
1660915890,"disk3",38059154.73,229.86
1660915905,"disk3",32869758.53,400.94
1660915920,"disk3",26107183.35,360.36
1660915935,"disk3",23998115.49,534.38
1660915950,"disk3",22851432.62,558.2
1660915965,"disk3",25379505.83,335.67
1660915980,"disk3",NA,234.2
1660915995,"disk3",22648272.17,201.12
1660916010,"disk3",32988015.55,196.62
1660916025,"disk3",36506865.48,465.11
1660916040,"disk3",28877689.53,201.08
1660916055,"disk3",32970873.87,172.28
1660916070,"disk3",33355688.09,401.94
1660916085,"disk3",24534041.08,229.16
1660916100,"disk3",23291238.66,596.78
1660916115,"disk3",24244070.48,407.32
1660916130,"disk3",27036942.99,336.64
1660916145,"disk3",29438274.65,331.03
1660916160,"disk3",31283908.41,373.48
1660916175,"disk3",33911379.63,307
1660916190,"disk3",27682235.19,268.12
1660916205,"disk3",46245200.11,158.73
1660916220,"disk3",37596142.23,190.06
1660916235,"disk3",38217170.11,173.82
1660916250,"disk3",34858649.23,237.46
1660916265,"disk3",34440239.46,179.94
1660916280,"disk3",29989693.01,269.46
1660916295,"disk3",23227953.28,338.78
1660916310,"disk3",32675470.62,297.52
1660916325,"disk3",42688495.21,450.33
1660916340,"disk3",21602287.13,401.42
1660916355,"disk3",18614027.6,180.29
1660916370,"disk3",21281429.99,188.21
1660916385,"disk3",NA,228.63
1660916400,"disk3",19346893.1,236.27
1660916415,"disk3",18207965.68,286.42
1660916430,"disk3",30455869.79,261.09
1660916445,"disk3",NA,344.26
1660916460,"disk3",23256637.86,95.51
1660916475,"disk3",22842548.38,226.09
1660916490,"disk3",15323793.24,423.71
1660916505,"disk3",20881284.19,172.36
1660916520,"disk3",24743066.1,416.63
1660916535,"disk3",21005285,362.84
1660916550,"disk3",29782564.83,304.77
1660916565,"disk3",NA,324.77
1660916580,"disk3",28223316.03,274.6
1660916595,"disk3",31612048.25,172.96
1660916610,"disk3",33628129.58,246.35
1660916625,"disk3",40066119.56,373.58
1660916640,"disk3",32825984.63,182
1660916655,"disk3",40003032.08,190.32
1660916670,"disk3",22940205.66,224.3
1660916685,"disk3",15809882.64,152.16
1660916700,"disk3",15089430.42,70.29
1660916715,"disk3",35053394.91,148.38
1660916730,"disk3",51347459.69,161.6
1660916745,"disk3",19063779.47,184.2
1660916760,"disk3",NA,255.04
1660916775,"disk3",29089434.85,209.98
1660916790,"disk3",30504652.86,171.58
1660916805,"disk3",34961098.03,84.07
1660916820,"disk3",19813436.62,246.95
1660916835,"disk3",22099225.84,210.5
1660916850,"disk3",25441835.34,178.7
1660916865,"disk3",24875958.76,218.01
1660916880,"disk3",16485342.1,243.06
1660916895,"disk3",23336681.92,188.9
1660916910,"disk3",22608092.55,303.95
1660916925,"disk3",NA,302.75
1660916940,"disk3",20396579.23,237.41
1660916955,"disk3",15073557.58,317.55
1660916970,"disk3",14983103.4,320.61
1660916985,"disk3",19309710.47,49.81
1660917000,"disk3",16286049.75,424.32
1660917015,"disk3",20484662.48,278.69
1660917030,"disk3",24949587.41,358.49
1660917045,"disk3",NA,232.93
1660917060,"disk3",NA,182.96
1660917075,"disk3",35705768.26,157
1660917090,"disk3",25064195.51,340.83
1660917105,"disk3",NA,597.46
1660917120,"disk3",35061938.59,256.21
1660917135,"disk3",34539819.9,326.59
1660917150,"disk3",25798826.3,274.94
1660917165,"disk3",21521006.98,282.02
1660917180,"disk3",24434271.85,338.98
1660917195,"disk3",26025089.93,176.33
1660917210,"disk3",21750866.36,204.71
1660917225,"disk3",27731999.64,81.44
1660917240,"disk3",22721394.82,228
1660917255,"disk3",39847090.38,391.71
1660917270,"disk3",39973735.44,113.18
1660917285,"disk3",43367110.14,177.82
1660917300,"disk3",34216327.21,181.41
1660917315,"disk3",27813137.91,158.07
1660917330,"disk3",NA,80.93
1660917345,"disk3",31174298.45,149.49
1660917360,"disk3",28265781.87,95.82
1660917375,"disk3",32986806.53,163.83
1660917390,"disk3",31047020.81,95.73
1660917405,"disk3",37353075.12,61.28
1660917420,"disk3",42565890.34,143.06
1660917435,"disk3",43138631.66,136.33
1660917450,"disk3",40610338.52,360.95
1660917465,"disk3",37161227.43,155.12
1660917480,"disk3",32250277.99,187.91
1660917495,"disk3",31266775.84,183.29
1660917510,"disk3",32820145.9,177.23
1660917525,"disk3",37337936.8,388.16
1660917540,"disk3",45810350.17,186.63
1660917555,"disk3",60363865.17,404.48
1660917570,"disk3",46215030.95,330.43
1660917585,"disk3",NA,385.45
1660917600,"disk3",36145477.12,416.48
1660917615,"disk3",31297853.13,173.93
1660917630,"disk3",NA,169.3
1660917645,"disk3",NA,90.75
1660917660,"disk3",26383562.57,181.07
1660917675,"disk3",29138204.5,144.99
1660917690,"disk3",26996978.02,229.72
1660917705,"disk3",37227724.95,468.78
1660917720,"disk3",50894227.7,152.16
1660917735,"disk3",36234926.54,320.24
1660917750,"disk3",47210261.26,333.6
1660917765,"disk3",36112431.72,351.39
1660917780,"disk3",27930176.26,244.66
1660917795,"disk3",35840129.19,173.43
1660917810,"disk3",36110290.02,262.15
1660917825,"disk3",NA,239.49
1660917840,"disk3",17337982.41,221.95
1660917855,"disk3",31145539.53,237.51
1660917870,"disk3",29813725.54,260.5
1660917885,"disk3",28114320.53,392
1660917900,"disk3",16188409.45,385.83
1660917915,"disk3",20686277.42,344.63
1660917930,"disk3",32520170.24,1007.04
1660917945,"disk3",24765766.74,267.45
1660917960,"disk3",22259567.64,406.08
1660917975,"disk3",NA,280.94
1660917990,"disk3",35553847.03,307.07
1660918005,"disk3",36098254.27,234.85
1660918020,"disk3",25838879.73,389.22
1660918035,"disk3",24585444.33,282.41
1660918050,"disk3",22244057.92,351.59
1660918065,"disk3",21572800.15,459.14
1660918080,"disk3",24167811.03,687.61
1660918095,"disk3",18543690.54,451.84
1660918110,"disk3",28713903.25,389.98
1660918125,"disk3",17943132.59,436.96
1660918140,"disk3",13930532.41,112.65
1660918155,"disk3",17414475.97,284.18
1660918170,"disk3",19090077.56,229.43
1660918185,"disk3",NA,173.96
1660918200,"disk3",NA,227.3
1660918215,"disk3",23473065.58,287.96
1660918230,"disk3",22408902.26,257.6
1660918245,"disk3",21094053.68,92.52
1660918260,"disk3",17042615.23,108.53
1660918275,"disk3",NA,391.8
1660918290,"disk3",NA,460.84
1660918305,"disk3",26486243.53,183.57
1660918320,"disk3",44514087.17,353.25
1660918335,"disk3",37672891.13,382.69
1660918350,"disk3",48596165.95,362.88
1660918365,"disk3",16830021.07,253.33
1660918380,"disk3",20018659.12,302.88
1660918395,"disk3",19163039.15,308.31
1660918410,"disk3",20702158.15,250.31
1660918425,"disk3",19007219.65,172.03
1660918440,"disk3",20653433.72,255.02
1660918455,"disk3",33767065.3,288.11
1660918470,"disk3",25150856.95,265.81
1660918485,"disk3",38975531.56,159.9
1660918500,"disk3",36019106.29,147.16
1660918515,"disk3",31506294.3,276.86
1660918530,"disk3",27660007.54,240.82
1660918545,"disk3",NA,217.2
1660918560,"disk3",22293396.4,344.48
1660918575,"disk3",24817152.66,285.79
1660918590,"disk3",19771828.89,358.84
1660918605,"disk3",28198779.11,154.82
1660918620,"disk3",30748062.93,1156.29
1660918635,"disk3",27691805.62,201.79
1660918650,"disk3",30319165.74,180.48
1660918665,"disk3",49026570.91,204.51
1660918680,"disk3",27133705.9,222.54
1660918695,"disk3",34396421.13,170.36
1660918710,"disk3",18943436.49,297.62
1660918725,"disk3",NA,211.46
1660918740,"disk3",13910073.97,180.5
1660918755,"disk3",13581506.68,163.38
1660918770,"disk3",18780260.64,159.5
1660918785,"disk3",25905580.33,204.61
1660918800,"disk3",25570495.53,219.54
1660918815,"disk3",13767054.79,228.16
1660918830,"disk3",NA,194.57
1660918845,"disk3",17867148.22,226.11
1660918860,"disk3",18878878.36,88.86
1660918875,"disk3",NA,95.78
1660918890,"disk3",NA,204.71
1660918905,"disk3",23481171.47,134.76
1660918920,"disk3",24230537.46,196.35
1660918935,"disk3",27034352.12,205.25
1660918950,"disk3",19057925.23,269.03
1660918965,"disk3",14852802.73,102.39
1660918980,"disk3",19887792.53,531.75
1660918995,"disk3",23044019.26,335.47
1660919010,"disk3",30333331.32,599.01
1660919025,"disk3",35672277.03,139.9
1660919040,"disk3",33217157.06,192.25
1660919055,"disk3",29857604.82,164.58
1660919070,"disk3",42442486.56,164.35
1660919085,"disk3",53458506,223.09
1660919100,"disk3",37993937.42,132.99
1660919115,"disk3",28482859.29,378.48
1660919130,"disk3",22284636.72,170.62
1660919145,"disk3",17435452.11,408.14
1660919160,"disk3",46390771.22,363.64
1660919175,"disk3",23999773.5,266.5
1660919190,"disk3",23595306.55,317.6
1660919205,"disk3",22968289.5,213.15
1660919220,"disk3",28648929.46,180.82
1660919235,"disk3",23317456.52,224
1660919250,"disk3",12204394.05,164.45
1660919265,"disk3",19083395.94,251.82
1660919280,"disk3",NA,236.45
1660919295,"disk3",32105196.22,275.99
1660919310,"disk3",14308958.54,223.08
1660919325,"disk3",44229829.13,504.06
1660919340,"disk3",52125592.99,271.85
1660919355,"disk3",29073028.86,256.12
1660919370,"disk3",31863095.91,141.6
1660919385,"disk3",32265821.34,220.67
1660919400,"disk3",28745844.58,109.11
1660919415,"disk3",27280743.4,116.39
1660919430,"disk3",14776015.16,206.46
1660919445,"disk3",NA,106.52
1660919460,"disk3",11382150.57,78.06
1660919475,"disk3",NA,211.18
1660919490,"disk3",NA,248.98
1660919505,"disk3",13111056.36,73.73
1660919520,"disk3",9844677.01,87.77
1660919535,"disk3",13571932.97,116.46
1660919550,"disk3",12764928.17,152.03
1660919565,"disk3",NA,152.29
1660919580,"disk3",25640278.41,276.79
1660919595,"disk3",27780478.29,400.88
1660919610,"disk3",39735446.16,185.36
1660919625,"disk3",NA,61.26
1660919640,"disk3",NA,205.89
1660919655,"disk3",19669167.79,191.18
1660919670,"disk3",16936755.06,190.6
1660919685,"disk3",20826328.87,80.52
1660919700,"disk3",NA,153.5
1660919715,"disk3",21111399.66,108.35
1660919730,"disk3",NA,142.06
1660919745,"disk3",NA,166.28
1660919760,"disk3",19736553.83,263.34
1660919775,"disk3",24997519.76,275.15
1660919790,"disk3",26178526.01,402.28
1660919805,"disk3",NA,316.84
1660919820,"disk3",23166750.28,351.07
1660919835,"disk3",24347326.56,526.57
1660919850,"disk3",28449305.96,322.85
1660919865,"disk3",37826011.42,268.23
1660919880,"disk3",52407835.22,169.55
1660919895,"disk3",37900513.32,118.28
1660919910,"disk3",29288794.14,480.02
1660919925,"disk3",36681552.61,157.48
1660919940,"disk3",43844829.34,159.67
1660919955,"disk3",22609594.14,209.73
1660919970,"disk3",27652520.62,183.1
1660919985,"disk3",22133683.72,224.87
1660920000,"disk3",20215697.97,179.82
1660920015,"disk3",36841856.36,129.31
1660920030,"disk3",28906253.66,139
1660920045,"disk3",27241077.06,419.2
1660920060,"disk3",20565817.75,304.2
1660920075,"disk3",39195589.8,125.82
1660920090,"disk3",37185492.69,425.14
1660920105,"disk3",NA,1647.24
1660920120,"disk3",17592198.43,353.92
1660920135,"disk3",16291769.6,266.97
1660920150,"disk3",15930687.83,298.41
1660920165,"disk3",15660929.77,330.81
1660920180,"disk3",15168834.47,267.32
1660920195,"disk3",15458141.95,146.21
1660920210,"disk3",15063063.15,83.75
1660920225,"disk3",20627873.98,127.91
1660920240,"disk3",17465767.72,94.67
1660920255,"disk3",45766749.54,189.71
1660920270,"disk3",40488778.38,65.8
1660920285,"disk3",22337639.34,94.53
1660920300,"disk3",23935256.51,114.57
1660920315,"disk3",24458658.2,97.28
1660920330,"disk3",18616961.4,125.78
1660920345,"disk3",NA,241.61
1660920360,"disk3",19331026.69,165.08
1660920375,"disk3",19267004.39,176.5
1660920390,"disk3",20719873.14,209.76
1660920405,"disk3",17203349.78,357.67
1660920420,"disk3",17052688.3,377.43
1660920435,"disk3",26161910.12,765.62
1660920450,"disk3",21299296.92,143.94
1660920465,"disk3",33450801.27,282.08
1660920480,"disk3",23454093.19,127.15
1660920495,"disk3",18222495.68,184.46
1660920510,"disk3",26640844.11,144.25
1660920525,"disk3",25007992.23,225.28
1660920540,"disk3",37418063.83,205.57
1660920555,"disk3",32552848.57,144.04
1660920570,"disk3",22292510.82,146.13
1660920585,"disk3",20919475.87,199.39
1660920600,"disk3",16288135.2,174.07
1660920615,"disk3",18994802.94,222.19
1660920630,"disk3",NA,174.42
1660920645,"disk3",29984732.82,229.15
1660920660,"disk3",25828615.97,217.45
1660920675,"disk3",20145609.84,504.24
1660920690,"disk3",26148860.97,590.61
1660920705,"disk3",25619600.17,431.94
1660920720,"disk3",40747323.35,345.61
1660920735,"disk3",36295665.1,1162.62
1660920750,"disk3",17731698.31,435.16
1660920765,"disk3",19548849.15,177.52
1660920780,"disk3",20058480.86,218.48
1660920795,"disk3",15654903.4,213.26
1660920810,"disk3",NA,157.22
1660920825,"disk3",NA,143.07
1660920840,"disk3",17323169.2,320.23
1660920855,"disk3",23082715.83,231.32
1660920870,"disk3",25973106.83,276.45
1660920885,"disk3",NA,139.48
1660920900,"disk3",18134038.14,410.78
1660920915,"disk3",24317631.21,415.53
1660920930,"disk3",27400789.33,153.22
1660920945,"disk3",25641099.82,128.98
1660920960,"disk3",28815720.12,112.85
1660920975,"disk3",18233584.44,122.81
1660920990,"disk3",19058312.76,158.16
1660921005,"disk3",NA,192.52
1660921020,"disk3",17192538.99,125.5
1660921035,"disk3",21457726.94,101.11
1660921050,"disk3",24629684.24,99.62
1660921065,"disk3",36245105.99,196.03
1660921080,"disk3",NA,130.38
1660921095,"disk3",37378442.95,433.34
1660921110,"disk3",37180168.2,423.6
1660921125,"disk3",22583204.62,160.95
1660921140,"disk3",21955164.52,171.25
1660921155,"disk3",21990299.97,208.05
1660921170,"disk3",20127593.77,129.52
1660921185,"disk3",26164184.07,214.19
1660921200,"disk3",17403419.97,154.14
1660921215,"disk3",19878436.57,146.56
1660921230,"disk3",NA,144.46
1660921245,"disk3",28269526.65,141.18
1660921260,"disk3",NA,95.76
1660921275,"disk3",27740145.01,137.78
1660921290,"disk3",25143713.62,106.36
1660921305,"disk3",30513013.84,206.15
1660921320,"disk3",19793445.38,122.91
1660921335,"disk3",16931811.94,262.14
1660921350,"disk3",30490423.15,224.42
1660921365,"disk3",36160570.91,121.56
1660921380,"disk3",38686826.64,306.04
1660921395,"disk3",14833912.7,183.4
1660921410,"disk3",15330802.37,260.02
1660921425,"disk3",25890429.61,252.1
1660921440,"disk3",25119196.99,154.97
1660921455,"disk3",33431007.15,218.26
1660921470,"disk3",24711942.16,99.34
1660921485,"disk3",19582246.65,156.3
1660921500,"disk3",19125580.73,168.29
1660921515,"disk3",22192649.94,235.17
1660921530,"disk3",22163262.41,318.18
1660921545,"disk3",NA,203.53
1660921560,"disk3",23670755.68,214.93
1660921575,"disk3",24071087.09,187.18
1660921590,"disk3",23436912.43,316.38
1660921605,"disk3",NA,359.46
1660921620,"disk3",34330716.51,178.68
1660921635,"disk3",30808685.45,134.24
1660921650,"disk3",18888526.23,156.67
1660921665,"disk3",18012799.7,107.53
1660921680,"disk3",17492640.8,113.9
1660921695,"disk3",17172644.12,88.3
1660921710,"disk3",21162403.4,116.48
1660921725,"disk3",NA,184
1660921740,"disk3",21578527.15,233.66
1660921755,"disk3",17064364.3,186.94
1660921770,"disk3",23564983.86,133.36
1660921785,"disk3",16199841.37,95.92
1660921800,"disk3",16851237.75,173.94
1660921815,"disk3",28045973.28,184.38
1660921830,"disk3",NA,126.83
1660921845,"disk3",22092627.52,131.16
1660921860,"disk3",NA,227.47
1660921875,"disk3",15197812.49,226.12
1660921890,"disk3",NA,134.96
1660921905,"disk3",17222516.08,117.36
1660921920,"disk3",14840699.82,122.32
1660921935,"disk3",16355208.55,133.62
1660921950,"disk3",17002187.91,106.34
1660921965,"disk3",16634054.66,156.65
1660921980,"disk3",12588654.42,167.54
1660921995,"disk3",12766047.66,298.66
1660922010,"disk3",15531681.65,352.77
1660922025,"disk3",NA,487.71
1660922040,"disk3",NA,311.38
1660922055,"disk3",19309220.71,172.16
1660922070,"disk3",15171450.38,174.51
1660922085,"disk3",11472061.24,156.52
1660922100,"disk3",9596533.15,163.06
1660922115,"disk3",13145231.54,196.39
1660922130,"disk3",9446772.52,154.16
1660922145,"disk3",18672597.86,141.82
1660922160,"disk3",NA,263.16
1660922175,"disk3",37233724.98,280.25
1660922190,"disk3",22654689.42,171.6
1660922205,"disk3",17263251.3,194.76
1660922220,"disk3",14193426.15,184.28
1660922235,"disk3",9576222.05,211.28
1660922250,"disk3",14955611.07,153.07
1660922265,"disk3",13507416.87,172.44
1660922280,"disk3",14011036.97,250.85
1660922295,"disk3",14008757.55,303.57
1660922310,"disk3",15156851.8,378.36
1660922325,"disk3",21978418.48,167.16
1660922340,"disk3",25451020.03,124.3
1660922355,"disk3",27841719.78,98.43
1660922370,"disk3",9807867.17,191.14
1660922385,"disk3",NA,164.76
1660922400,"disk3",23152093.99,275.44
1660922415,"disk3",18404203.16,227.14
1660922430,"disk3",14012925.54,131.84
1660922445,"disk3",NA,136.57
1660922460,"disk3",19054937.68,159.36
1660922475,"disk3",19244326.67,90.92
1660922490,"disk3",20941890.69,150.47
1660922505,"disk3",16992131.13,218.57
1660922520,"disk3",12673270.71,231.87
1660922535,"disk3",17703622.34,166.56
1660922550,"disk3",8694158.48,182.46
1660922565,"disk3",11394834.5,127.8
1660922580,"disk3",7131656.84,222.36
1660922595,"disk3",7312216.58,209.02
1660922610,"disk3",7747973.51,168.32
1660922625,"disk3",14651880.94,86.84
1660922640,"disk3",8818066.17,383.28
1660922655,"disk3",19416701.02,124.63
1660922670,"disk3",11543749.33,119.58
1660922685,"disk3",NA,164.64
1660922700,"disk3",9971401.61,176.32
1660922715,"disk3",10058332.97,142.67
1660922730,"disk3",NA,225.41
1660922745,"disk3",NA,107.18
1660922760,"disk3",18300095.35,150.36
1660922775,"disk3",21750031.85,121.06
1660922790,"disk3",12027220.93,116.99
1660922805,"disk3",19199012.15,325.24
1660922820,"disk3",23964340.28,132.23
1660922835,"disk3",20646220.08,200.15
1660922850,"disk3",9462057.99,181.63
1660922865,"disk3",8967323.64,160.86
1660922880,"disk3",9240867.31,107.21
1660922895,"disk3",8901499.15,151.89
1660922910,"disk3",7954814.54,211.14
1660922925,"disk3",5435065.57,133.83
1660922940,"disk3",4027530.4,127.02
1660922955,"disk3",12719194.56,132.45
1660922970,"disk3",5203707.99,79.82
1660922985,"disk3",6686227.36,93.57
1660923000,"disk3",7394640.55,113.79
1660923015,"disk3",6920704.92,180.46
1660923030,"disk3",8026393.94,182.03
1660923045,"disk3",8875142.25,263.54
1660923060,"disk3",7537827.68,51.03
1660923075,"disk3",NA,119.61
1660923090,"disk3",11963297.15,207.24
1660923105,"disk3",NA,166.45
1660923120,"disk3",16585366.37,142.25
1660923135,"disk3",12476645.72,126.61
1660923150,"disk3",12766957.99,125.62
1660923165,"disk3",NA,110.15
1660923180,"disk3",24795872.38,68.31
1660923195,"disk3",15514539.83,139.16
1660923210,"disk3",12709744.79,412.6
1660923225,"disk3",16331204.7,342.87
1660923240,"disk3",14618566.48,209.17
1660923255,"disk3",11533178.48,144.05
1660923270,"disk3",21717748.4,86.3
1660923285,"disk3",28996069.76,56.34
1660923300,"disk3",26172294.41,109.89
1660923315,"disk3",13346400.72,104.4
1660923330,"disk3",11756414.38,94.41
1660923345,"disk3",NA,145.73
1660923360,"disk3",22540789.78,107.05
1660923375,"disk3",18253466.39,123.65
1660923390,"disk3",10405396.43,189.88
1660923405,"disk3",13350683.61,169.02
1660923420,"disk3",8070928.11,195.44
1660923435,"disk3",9724312.06,271.04
1660923450,"disk3",9030115.07,66.78
1660923465,"disk3",NA,93.53
1660923480,"disk3",9302318.46,155.5
1660923495,"disk3",10183974.7,163.8
1660923510,"disk3",9903998.64,117.7
1660923525,"disk3",NA,100.02
1660923540,"disk3",12791788.15,214.74
1660923555,"disk3",14477865.7,169.4
1660923570,"disk3",26856251.56,172.68
1660923585,"disk3",24231224.38,176.29
1660923600,"disk3",30283158.34,171.5
1660923615,"disk3",26498675.44,133.13
1660923630,"disk3",NA,174.8
1660923645,"disk3",6243536.11,77.53
1660923660,"disk3",NA,145.79
1660923675,"disk3",13715319.37,68.66
1660923690,"disk3",NA,84.69
1660923705,"disk3",9863083.09,59.5
1660923720,"disk3",8678364.5,60.83
1660923735,"disk3",11521474.39,64.45
1660923750,"disk3",23545593.11,214.67
1660923765,"disk3",10740512.41,78.16
1660923780,"disk3",11414588.09,214.01
1660923795,"disk3",9130775.31,106.05
1660923810,"disk3",16543865.07,133.14
1660923825,"disk3",10208828.3,44.88
1660923840,"disk3",7062561.53,93.91
1660923855,"disk3",5917301.31,214.66
1660923870,"disk3",10239793.75,84.89
1660923885,"disk3",9000896.77,227.15
1660923900,"disk3",NA,190.78
1660923915,"disk3",8128956.78,318.47
1660923930,"disk3",10236895.12,101.42
1660923945,"disk3",7084982.3,236.6
1660923960,"disk3",NA,255.87
1660923975,"disk3",35503677.32,121.39
1660923990,"disk3",23668147.83,186.78
1660924005,"disk3",27553398.74,97.78
1660924020,"disk3",11578787.07,127.22
1660924035,"disk3",9657677.54,99.09
1660924050,"disk3",11586997.28,120.15
1660924065,"disk3",22544462.29,77.68
1660924080,"disk3",15213272.39,80.3
1660924095,"disk3",9003731.26,66.49
1660924110,"disk3",11272699.06,65.92
1660924125,"disk3",NA,94.91
1660924140,"disk3",11517844.83,118.82
1660924155,"disk3",10373566.23,73.49
1660924170,"disk3",9837717.88,80.8
1660924185,"disk3",11436384.42,109.48
1660924200,"disk3",9829098.17,96.71
1660924215,"disk3",8400220.07,82.72
1660924230,"disk3",8645663.53,161.86
1660924245,"disk3",17745657.55,89.96
1660924260,"disk3",NA,83.53
1660924275,"disk3",16700345.32,76.74
1660924290,"disk3",27425562.03,214.82
1660924305,"disk3",NA,55.33
1660924320,"disk3",14268353.61,106.14
1660924335,"disk3",12420557.76,103.2
1660924350,"disk3",9544708.26,102.68
1660924365,"disk3",11434630.41,150.54
1660924380,"disk3",10192522.91,106.32
1660924395,"disk3",14151235.58,107.89
1660924410,"disk3",11062517.94,139.26
1660924425,"disk3",14696077.77,139.98
1660924440,"disk3",9729248.03,224.22
1660924455,"disk3",9457232.88,142.29
1660924470,"disk3",8892825.48,94.97
1660924485,"disk3",NA,95.44
1660924500,"disk3",10302423.49,153.98
1660924515,"disk3",5073817.56,106.22
1660924530,"disk3",9375561.61,95.44
1660924545,"disk3",6184440.06,84.58
1660924560,"disk3",15428317.95,171.39
1660924575,"disk3",25270006.56,243.73
1660924590,"disk3",5560732.48,96.81
1660924605,"disk3",6666718.7,224.29
1660924620,"disk3",4326160.86,140.47
1660924635,"disk3",7997133.01,113.72
1660924650,"disk3",7345161.38,86.23
1660924665,"disk3",6510168.28,307.18
1660924680,"disk3",7714361.95,121.48
1660924695,"disk3",7309510.87,81.96
1660924710,"disk3",5475764.6,111.14
1660924725,"disk3",8119472.89,114.64
1660924740,"disk3",14321219.13,79.42
1660924755,"disk3",8512963.7,92.83
1660924770,"disk3",5628547.88,132.21
1660924785,"disk3",10512882.92,67.74
1660924800,"disk3",NA,103.66
1660914015,"disk4",18619935.62,171.67
1660914030,"disk4",18493722.38,160.05
1660914045,"disk4",34060602.67,372.75
1660914060,"disk4",NA,257.6
1660914075,"disk4",25377836.73,466.78
1660914090,"disk4",28765550.72,262.41
1660914105,"disk4",25268544.47,216.7
1660914120,"disk4",31788562.68,262.16
1660914135,"disk4",29301471.07,274.17
1660914150,"disk4",19519880.6,187.81
1660914165,"disk4",17640189.93,123.47
1660914180,"disk4",20564363.11,166.16
1660914195,"disk4",27925265.11,229.57
1660914210,"disk4",35562810.62,321.74
1660914225,"disk4",45838227.43,448.64
1660914240,"disk4",29900517.6,258.69
1660914255,"disk4",23604856.82,211.58
1660914270,"disk4",24311913.07,234.25
1660914285,"disk4",19699597.63,222.19
1660914300,"disk4",19712565.06,185.03
1660914315,"disk4",26931567.54,148.39
1660914330,"disk4",33873019.56,201.71
1660914345,"disk4",29822629.75,282.76
1660914360,"disk4",20075764.13,350.6
1660914375,"disk4",22467976.15,229.29
1660914390,"disk4",30610318.71,237.69
1660914405,"disk4",33592169.47,184.66
1660914420,"disk4",28582633.82,284.08
1660914435,"disk4",24085136.65,323.05
1660914450,"disk4",22402774.33,228.96
1660914465,"disk4",20923701.19,298.48
1660914480,"disk4",23306117.27,194.06
1660914495,"disk4",17809904.84,183.88
1660914510,"disk4",19186677.97,167.8
1660914525,"disk4",20145572.46,209.05
1660914540,"disk4",18995788.95,153.52
1660914555,"disk4",19057575.89,355.58
1660914570,"disk4",23050728.09,190.78
1660914585,"disk4",16735678.3,163.21
1660914600,"disk4",25215140.56,176.76
1660914615,"disk4",20955922.88,226.78
1660914630,"disk4",30736530.41,160.49
1660914645,"disk4",36756145.85,246.11
1660914660,"disk4",47222968.88,170.38
1660914675,"disk4",33221720.58,256.73
1660914690,"disk4",31704510.3,334.06
1660914705,"disk4",36820924.83,496.02
1660914720,"disk4",33399288.15,257.1
1660914735,"disk4",43527255.78,299.08
1660914750,"disk4",42723351.97,293.45
1660914765,"disk4",29593201.96,338.76
1660914780,"disk4",37053573.48,425
1660914795,"disk4",35644370.58,409.89
1660914810,"disk4",35360841.69,275.88
1660914825,"disk4",36527496.37,157.76
1660914840,"disk4",21338759.3,411.26
1660914855,"disk4",26767555.48,447.3
1660914870,"disk4",28838763.68,475.68
1660914885,"disk4",38532324.09,419.43
1660914900,"disk4",27304384.46,294.26
1660914915,"disk4",36515081.33,220.18
1660914930,"disk4",29647649.42,317.8
1660914945,"disk4",22121655.36,413.58
1660914960,"disk4",26476579.6,268.38
1660914975,"disk4",44245213.42,359.21
1660914990,"disk4",30551629.54,320.09
1660915005,"disk4",32676646.22,317.97
1660915020,"disk4",24579636.91,236.43
1660915035,"disk4",30015080.26,221.26
1660915050,"disk4",43349347.17,454.17
1660915065,"disk4",37195858.31,302.12
1660915080,"disk4",31960882.99,300.19
1660915095,"disk4",32574047.96,262.04
1660915110,"disk4",23721584.86,294.42
1660915125,"disk4",26962562.39,452.16
1660915140,"disk4",26124721.93,234.49
1660915155,"disk4",22292713.96,361.64
1660915170,"disk4",29422650.32,290.33
1660915185,"disk4",32165836.77,269.33
1660915200,"disk4",18636236.85,311.88
1660915215,"disk4",29641502.78,263.63
1660915230,"disk4",22443982.48,236.46
1660915245,"disk4",18187022.55,417.53
1660915260,"disk4",22249560.7,237.67
1660915275,"disk4",29092463.32,230.88
1660915290,"disk4",26355009.57,292.65
1660915305,"disk4",24782031.25,315.86
1660915320,"disk4",31140908.99,269.86
1660915335,"disk4",32127819.46,188.6
1660915350,"disk4",33608097.95,355.36
1660915365,"disk4",32282137.52,165.06
1660915380,"disk4",28965091.74,241.68
1660915395,"disk4",29396851.38,331.83
1660915410,"disk4",46551346.37,232.24
1660915425,"disk4",54739926.77,307.95
1660915440,"disk4",31158716.97,229.83
1660915455,"disk4",39457545.4,220.65
1660915470,"disk4",30429454.19,274.09
1660915485,"disk4",32516193.7,313.12
1660915500,"disk4",39934977.31,96.14
1660915515,"disk4",23116053.8,351.07
1660915530,"disk4",28145817.17,380.08
1660915545,"disk4",26899800.1,124.11
1660915560,"disk4",37321962.53,105.21
1660915575,"disk4",33358148.92,272.04
1660915590,"disk4",20755770.36,257.63
1660915605,"disk4",18405582.86,515.81
1660915620,"disk4",29265600.94,837.04
1660915635,"disk4",25089498.73,358.56
1660915650,"disk4",21804628.32,444.66
1660915665,"disk4",15863777.62,310.23
1660915680,"disk4",17089051.82,362.59
1660915695,"disk4",14871306.03,426.29
1660915710,"disk4",20165466.52,228.47
1660915725,"disk4",19537595.09,103.05
1660915740,"disk4",20244041.36,270.67
1660915755,"disk4",19849262.1,563.22
1660915770,"disk4",26838002.97,445.07
1660915785,"disk4",32921911.86,105.68
1660915800,"disk4",34118429.11,320.54
1660915815,"disk4",46142995.4,319.21
1660915830,"disk4",58276902.32,135.65
1660915845,"disk4",50108522.76,179.59
1660915860,"disk4",45193215.7,207.11
1660915875,"disk4",40205850.66,183.52
1660915890,"disk4",27169161.32,315.98
1660915905,"disk4",29793089.68,223.79
1660915920,"disk4",24192367.74,203.68
1660915935,"disk4",22429429.88,154.5
1660915950,"disk4",25378835.27,169.7
1660915965,"disk4",25678043.56,134.98
1660915980,"disk4",28239702.5,210.83
1660915995,"disk4",19509838.8,195.38
1660916010,"disk4",26809558.78,296.12
1660916025,"disk4",25127467.31,212.92
1660916040,"disk4",34318656.72,257.61
1660916055,"disk4",36573133.75,312.82
1660916070,"disk4",37939401.46,334.46
1660916085,"disk4",33137848.18,483.02
1660916100,"disk4",20614605.48,811.12
1660916115,"disk4",21647763.22,497.43
1660916130,"disk4",18318892.8,594.54
1660916145,"disk4",27081088,403.03
1660916160,"disk4",23681939.63,263.45
1660916175,"disk4",25345899.03,376.26
1660916190,"disk4",22568282.96,247.4
1660916205,"disk4",36093655.99,207.85
1660916220,"disk4",42398388.13,257.9
1660916235,"disk4",41375219.23,253.02
1660916250,"disk4",38911632.8,411.58
1660916265,"disk4",28863747.31,227.76
1660916280,"disk4",31958900.19,234.18
1660916295,"disk4",28668902.84,188.08
1660916310,"disk4",21620537.43,305.39
1660916325,"disk4",18429708.21,363
1660916340,"disk4",22001982.24,452.34
1660916355,"disk4",19766948.52,368.39
1660916370,"disk4",19485822.78,209.74
1660916385,"disk4",22178679.36,204.31
1660916400,"disk4",36048296.5,139.73
1660916415,"disk4",27048703.66,263.38
1660916430,"disk4",17581697.01,210.96
1660916445,"disk4",17294334.27,263.71
1660916460,"disk4",16269287.63,122.62
1660916475,"disk4",18716708.62,247.31
1660916490,"disk4",23226889.62,337.77
1660916505,"disk4",27645166.43,173.38
1660916520,"disk4",25340118.04,376.76
1660916535,"disk4",27064074.32,437.73
1660916550,"disk4",27078492.05,334.92
1660916565,"disk4",46885506.31,299.85
1660916580,"disk4",42045229.67,330.56
1660916595,"disk4",46154410.82,346.49
1660916610,"disk4",33925271.11,221.34
1660916625,"disk4",35342867.25,180.41
1660916640,"disk4",17266822.12,207.75
1660916655,"disk4",16494156.39,178.43
1660916670,"disk4",17245213.5,210.38
1660916685,"disk4",19271521.02,219.58
1660916700,"disk4",19366566.84,127.49
1660916715,"disk4",20803107.26,315.16
1660916730,"disk4",18930938.69,193.97
1660916745,"disk4",22027196.9,299.97
1660916760,"disk4",31148528.87,195.36
1660916775,"disk4",32628404.15,166.06
1660916790,"disk4",24334064.12,122.15
1660916805,"disk4",19946222.14,195.07
1660916820,"disk4",18114048.49,160.05
1660916835,"disk4",18384361.43,188.06
1660916850,"disk4",19933076.32,263.36
1660916865,"disk4",23205800.39,300.74
1660916880,"disk4",20057983.27,257.77
1660916895,"disk4",24048330.86,248.62
1660916910,"disk4",35345616.7,290.78
1660916925,"disk4",20669098.6,577.56
1660916940,"disk4",18885954.34,424.18
1660916955,"disk4",17540320.74,469.87
1660916970,"disk4",33993174.94,346.83
1660916985,"disk4",22984253.27,112.33
1660917000,"disk4",22920386.93,410.23
1660917015,"disk4",21197074.89,140.67
1660917030,"disk4",21349682.77,148.18
1660917045,"disk4",27464521.08,146.31
1660917060,"disk4",19955807.47,185.51
1660917075,"disk4",18773319.78,163.23
1660917090,"disk4",20601203.33,194.18
1660917105,"disk4",21482414.93,160.38
1660917120,"disk4",13704507.9,150.71
1660917135,"disk4",15642679.85,274.69
1660917150,"disk4",17201607.79,271.18
1660917165,"disk4",28481544.86,191.73
1660917180,"disk4",27290244.54,158.99
1660917195,"disk4",24337340.18,156.95
1660917210,"disk4",21804130.66,189.07
1660917225,"disk4",19214651.25,276.8
1660917240,"disk4",31409426.11,142.71
1660917255,"disk4",49546903.6,320.41
1660917270,"disk4",47602787.69,165.75
1660917285,"disk4",26005271.99,204.89
1660917300,"disk4",33495596.07,346.42
1660917315,"disk4",27382415.74,152.54
1660917330,"disk4",23030449.11,148.97
1660917345,"disk4",16256693.52,159.88
1660917360,"disk4",14867517.7,68.38
1660917375,"disk4",19714584.47,136.83
1660917390,"disk4",17683988.84,361.09
1660917405,"disk4",16872274.82,89.1
1660917420,"disk4",19812222.38,188.33
1660917435,"disk4",20393256.84,229.93
1660917450,"disk4",22453662.44,316.18
1660917465,"disk4",21395784.99,113.14
1660917480,"disk4",17326513.57,144.43
1660917495,"disk4",17489191.42,288.5
1660917510,"disk4",21394930.99,194.17
1660917525,"disk4",19108737.09,231.67
1660917540,"disk4",23201415.41,531.34
1660917555,"disk4",22905673.07,203.58
1660917570,"disk4",36844564.03,156.49
1660917585,"disk4",25931505.21,199.78
1660917600,"disk4",19620050.6,1455.46
1660917615,"disk4",23405540.5,280.14
1660917630,"disk4",14908958.21,257.32
1660917645,"disk4",25278148.56,82.52
1660917660,"disk4",20174324.87,194.8
1660917675,"disk4",26665523.98,136.27
1660917690,"disk4",25437383.33,175.05
1660917705,"disk4",27781024.56,173.88
1660917720,"disk4",24898492.59,257.9
1660917735,"disk4",30292503.06,509.84
1660917750,"disk4",28587309.54,579.36
1660917765,"disk4",25624765.58,259.42
1660917780,"disk4",27578348.81,294.19
1660917795,"disk4",27453845.74,305.87
1660917810,"disk4",26544511.08,168.38
1660917825,"disk4",24697183.83,158.4
1660917840,"disk4",20514603.52,162.5
1660917855,"disk4",19665612.32,184.39
1660917870,"disk4",16770355.24,190.64
1660917885,"disk4",18317748.01,132.62
1660917900,"disk4",14170969.7,174.92
1660917915,"disk4",14674724.65,193.47
1660917930,"disk4",16889536.48,216.25
1660917945,"disk4",23312702.57,200.17
1660917960,"disk4",24077797.71,382.18
1660917975,"disk4",33885871.34,188.43
1660917990,"disk4",34692888.26,153.27
1660918005,"disk4",34335636.05,210.12
1660918020,"disk4",33756283.09,222.92
1660918035,"disk4",28698581.32,174.46
1660918050,"disk4",17719444.94,250.29
1660918065,"disk4",16718646.01,132.85
1660918080,"disk4",17847403.69,180.76
1660918095,"disk4",17622293.42,342.53
1660918110,"disk4",23788996.19,238.93
1660918125,"disk4",26694857.26,178.31
1660918140,"disk4",30259744.34,91.77
1660918155,"disk4",29511906.7,201.61
1660918170,"disk4",33568078.48,117.1
1660918185,"disk4",32913850.65,225.45
1660918200,"disk4",17189429.24,175.72
1660918215,"disk4",19751165.58,190.54
1660918230,"disk4",23353197.64,216.9
1660918245,"disk4",29770008.36,106.29
1660918260,"disk4",43565405.15,104.34
1660918275,"disk4",19053790.06,287.26
1660918290,"disk4",19194319.89,203.52
1660918305,"disk4",17135714.57,117.78
1660918320,"disk4",22119882.46,241.98
1660918335,"disk4",28765009.85,236.73
1660918350,"disk4",26411346.07,204.92
1660918365,"disk4",12990650.08,306.79
1660918380,"disk4",12401226.75,234.42
1660918395,"disk4",28209511,277.64
1660918410,"disk4",25387514.36,215.97
1660918425,"disk4",13232326.25,257.63
1660918440,"disk4",12768868.15,165.72
1660918455,"disk4",17961162.9,126.78
1660918470,"disk4",18790014.44,169.63
1660918485,"disk4",20346382.25,99.22
1660918500,"disk4",25592866.39,113.24
1660918515,"disk4",16271363.8,116.6
1660918530,"disk4",13178272.3,247.71
1660918545,"disk4",19336081.1,203.44
1660918560,"disk4",22084821.21,296.46
1660918575,"disk4",18216407.25,272.18
1660918590,"disk4",20108074.2,297.68
1660918605,"disk4",18754364.46,143.07
1660918620,"disk4",18897227.44,329.92
1660918635,"disk4",34050499.98,335.12
1660918650,"disk4",26440576.66,156.11
1660918665,"disk4",21505510.36,114.83
1660918680,"disk4",21960893.73,196.32
1660918695,"disk4",44477200.78,155.26
1660918710,"disk4",29861648.25,205.87
1660918725,"disk4",27488137.05,247.25
1660918740,"disk4",22309172.87,262.48
1660918755,"disk4",29970322.1,307.94
1660918770,"disk4",22898480.09,434.87
1660918785,"disk4",20898823.71,305.4
1660918800,"disk4",22651927.19,121.94
1660918815,"disk4",29004321.4,140.53
1660918830,"disk4",25723335.07,145.69
1660918845,"disk4",26440254.68,231.05
1660918860,"disk4",25308942.96,93.16
1660918875,"disk4",27883224.69,124.22
1660918890,"disk4",31351643.23,295.82
1660918905,"disk4",35440779.42,377.48
1660918920,"disk4",28331276.1,140.25
1660918935,"disk4",25741522.39,142.93
1660918950,"disk4",22014287.62,145.53
1660918965,"disk4",25616028.96,118.81
1660918980,"disk4",22565549.68,209.34
1660918995,"disk4",25058284.15,293.15
1660919010,"disk4",36661070.09,228.21
1660919025,"disk4",31552448.15,119.78
1660919040,"disk4",24344891.92,132.36
1660919055,"disk4",24244225.36,285.46
1660919070,"disk4",20432349.98,253.47
1660919085,"disk4",31040238.16,199.92
1660919100,"disk4",21557046.04,134.38
1660919115,"disk4",18002116.05,152.89
1660919130,"disk4",16423360.31,141.02
1660919145,"disk4",NA,170.44
1660919160,"disk4",NA,206.81
1660919175,"disk4",9979465.2,132.83
1660919190,"disk4",15922387.4,99.82
1660919205,"disk4",20425466.75,175.97
1660919220,"disk4",20978728.39,189.43
1660919235,"disk4",18225286.62,155.41
1660919250,"disk4",18100547.93,155.56
1660919265,"disk4",18143793.12,143.74
1660919280,"disk4",15705949.71,155.81
1660919295,"disk4",24414239.56,263.49
1660919310,"disk4",27302213.16,265.74
1660919325,"disk4",25345868.34,142.16
1660919340,"disk4",25393957.56,166.04
1660919355,"disk4",22041486.25,514.28
1660919370,"disk4",18285928.17,224.42
1660919385,"disk4",16665547.42,238.03
1660919400,"disk4",15252200.42,155.26
1660919415,"disk4",35890370.6,289.8
1660919430,"disk4",15234908.37,249.72
1660919445,"disk4",20599044.14,338.97
1660919460,"disk4",15859321.36,492.76
1660919475,"disk4",22062983.2,153.9
1660919490,"disk4",21153605.59,187.77
1660919505,"disk4",15592690.99,93.08
1660919520,"disk4",16006122.39,110.02
1660919535,"disk4",18382553,217.8
1660919550,"disk4",19351873.02,204.46
1660919565,"disk4",20118032.24,201.35
1660919580,"disk4",25421836.82,191.15
1660919595,"disk4",21976149.94,236.25
1660919610,"disk4",22292854.19,292.71
1660919625,"disk4",22188380.78,150.49
1660919640,"disk4",32596653.3,402.18
1660919655,"disk4",53569615.92,251.5
1660919670,"disk4",38725330.5,549.52
1660919685,"disk4",26910720.75,87.26
1660919700,"disk4",35718954.2,234.89
1660919715,"disk4",31981814.77,222.75
1660919730,"disk4",31525429.47,170.63
1660919745,"disk4",21565962.91,207.38
1660919760,"disk4",20642848.42,313.45
1660919775,"disk4",20047458.41,324.92
1660919790,"disk4",23585115.54,254.11
1660919805,"disk4",41477984,213.34
1660919820,"disk4",40647921.34,200.57
1660919835,"disk4",29029920.24,322.6
1660919850,"disk4",25901004.33,204.5
1660919865,"disk4",25648653.97,155.32
1660919880,"disk4",20942032.68,148.39
1660919895,"disk4",31941211.07,141.41
1660919910,"disk4",25773817.68,105.72
1660919925,"disk4",19236128.76,241.07
1660919940,"disk4",18288871.25,88.55
1660919955,"disk4",19912600.33,134.26
1660919970,"disk4",20562231.15,200.74
1660919985,"disk4",23888118.8,188.6
1660920000,"disk4",21791259.46,195.45
1660920015,"disk4",26637291.49,193.12
1660920030,"disk4",16195744.63,171.16
1660920045,"disk4",23348611.38,136.2
1660920060,"disk4",17936593.15,241.18
1660920075,"disk4",35534932.58,291.08
1660920090,"disk4",34652942.94,235.39
1660920105,"disk4",31568272.69,447.15
1660920120,"disk4",39415357.34,272.43
1660920135,"disk4",25146711.7,155.87
1660920150,"disk4",20084274.26,165.38
1660920165,"disk4",21608016.97,128.15
1660920180,"disk4",21830982.05,324.67
1660920195,"disk4",19482500.05,133.51
1660920210,"disk4",20526709.57,204.53
1660920225,"disk4",22996629.62,139.54
1660920240,"disk4",32526165.82,121.32
1660920255,"disk4",50872920.33,211.17
1660920270,"disk4",27626703.71,178.2
1660920285,"disk4",27384093.52,181.95
1660920300,"disk4",22677448.27,152.24
1660920315,"disk4",8675355.42,180.94
1660920330,"disk4",6394909.95,163.21
1660920345,"disk4",11328115.88,138.32
1660920360,"disk4",17878770.78,79.03
1660920375,"disk4",24796107.36,197.16
1660920390,"disk4",22253461.61,212.58
1660920405,"disk4",12082384.95,200.15
1660920420,"disk4",23945783.76,184.3
1660920435,"disk4",40123093.16,371.9
1660920450,"disk4",39840504.33,496.19
1660920465,"disk4",32246146.54,53.28
1660920480,"disk4",17876761.11,379.24
1660920495,"disk4",14958007.9,258.91
1660920510,"disk4",28431884,374.95
1660920525,"disk4",18080192.03,288.5
1660920540,"disk4",57080542.84,290.3
1660920555,"disk4",34178699.04,247.47
1660920570,"disk4",15887269.14,164.43
1660920585,"disk4",12269368.03,178.01
1660920600,"disk4",9861094.99,196.74
1660920615,"disk4",11313965.7,406.52
1660920630,"disk4",18471564.14,353.8
1660920645,"disk4",20605295.05,215.49
1660920660,"disk4",15885545.54,229.77
1660920675,"disk4",16664174.44,197.54
1660920690,"disk4",19679859.7,203.18
1660920705,"disk4",21798046.97,300.06
1660920720,"disk4",16772402.09,248.87
1660920735,"disk4",23333386.91,200.75
1660920750,"disk4",20943764.8,443.24
1660920765,"disk4",12758002,190.65
1660920780,"disk4",35756871.09,207.19
1660920795,"disk4",48069302.34,196.56
1660920810,"disk4",26809886.84,212.04
1660920825,"disk4",38656783.3,187.13
1660920840,"disk4",25303007.84,265.25
1660920855,"disk4",28164820.74,140.81
1660920870,"disk4",13684831.48,242.12
1660920885,"disk4",12681635.07,151.94
1660920900,"disk4",16386570.95,339.13
1660920915,"disk4",10264001.77,368.23
1660920930,"disk4",20490344.21,263.54
1660920945,"disk4",33414387.32,368.83
1660920960,"disk4",19845616.47,188.75
1660920975,"disk4",33267277.79,171.6
1660920990,"disk4",23494951.25,156.07
1660921005,"disk4",15312392.19,147.38
1660921020,"disk4",19265322.9,216.44
1660921035,"disk4",12289996.9,221.83
1660921050,"disk4",12843575.6,206.57
1660921065,"disk4",16848566.71,280.17
1660921080,"disk4",15333160.03,294.09
1660921095,"disk4",14405542.1,459.24
1660921110,"disk4",15047498.75,269.41
1660921125,"disk4",12537363.17,285.21
1660921140,"disk4",12552017.47,291.26
1660921155,"disk4",13258592.16,113.69
1660921170,"disk4",10055799.27,83.73
1660921185,"disk4",16677234,108.26
1660921200,"disk4",10221498.22,201.8
1660921215,"disk4",19854763.56,238.4
1660921230,"disk4",13710492.17,227.64
1660921245,"disk4",41059736.61,183.98
1660921260,"disk4",30270860.51,167.4
1660921275,"disk4",40665569.91,108.38
1660921290,"disk4",26570542.43,207.33
1660921305,"disk4",47355860.2,402.25
1660921320,"disk4",20830033.3,509.75
1660921335,"disk4",40293222.3,345.85
1660921350,"disk4",15468726.96,226.01
1660921365,"disk4",15362515.09,117.93
1660921380,"disk4",16169886.09,1439.91
1660921395,"disk4",14335104.89,190.66
1660921410,"disk4",17706958.62,557.03
1660921425,"disk4",12641859.2,327.59
1660921440,"disk4",14844506.99,167.32
1660921455,"disk4",15283000.59,181.51
1660921470,"disk4",14370564.23,155.84
1660921485,"disk4",17288988.21,110.23
1660921500,"disk4",14191730.76,151.12
1660921515,"disk4",17341372.3,NA
1660921530,"disk4",22505171.09,165.32
1660921545,"disk4",35001847.05,128.78
1660921560,"disk4",15604523.99,170.38
1660921575,"disk4",14344102.76,201.39
1660921590,"disk4",22830697.1,174.06
1660921605,"disk4",17425720.64,204.5
1660921620,"disk4",23283137.19,273.2
1660921635,"disk4",32121946.07,96.6
1660921650,"disk4",34216843.95,460.52
1660921665,"disk4",11302179.23,469.25
1660921680,"disk4",12900714.59,248.19
1660921695,"disk4",11695769.48,337.43
1660921710,"disk4",12441158.71,223.78
1660921725,"disk4",15368141.34,275.06
1660921740,"disk4",10875845.35,170.25
1660921755,"disk4",12760429.61,112.12
1660921770,"disk4",16360220.3,153.65
1660921785,"disk4",12046603.93,107.69
1660921800,"disk4",14180779.64,80.19
1660921815,"disk4",21260347.37,216.03
1660921830,"disk4",13714490.45,51.35
1660921845,"disk4",18452263.13,176.05
1660921860,"disk4",15273286.61,426.27
1660921875,"disk4",14177150.32,177.38
1660921890,"disk4",21506232.76,221.21
1660921905,"disk4",9552103.64,271.85
1660921920,"disk4",20274882.25,279.68
1660921935,"disk4",26103164.71,127.54
1660921950,"disk4",13764916.75,242.34
1660921965,"disk4",10537302.54,151.36
1660921980,"disk4",17039045.86,168.09
1660921995,"disk4",10136746.02,177.43
1660922010,"disk4",9237049.04,180.36
1660922025,"disk4",9609853.05,187.33
1660922040,"disk4",11805567.05,145.89
1660922055,"disk4",9662700.2,128.14
1660922070,"disk4",15317735.93,150.2
1660922085,"disk4",12087273.05,148.08
1660922100,"disk4",14364080.22,106.42
1660922115,"disk4",14715423.8,203.81
1660922130,"disk4",14668064.22,89.65
1660922145,"disk4",18026331.95,260.81
1660922160,"disk4",15899490.43,123.94
1660922175,"disk4",13787863.48,407.87
1660922190,"disk4",20085288.52,271.3
1660922205,"disk4",18354140.17,361.11
1660922220,"disk4",17672489.32,285.25
1660922235,"disk4",19449837.55,603.76
1660922250,"disk4",12060788.2,238.4
1660922265,"disk4",15972489.55,440.14
1660922280,"disk4",13632379.52,144.82
1660922295,"disk4",31559511.12,140.3
1660922310,"disk4",37904004.47,156.18
1660922325,"disk4",21692278.34,158.38
1660922340,"disk4",15395993.34,114.01
1660922355,"disk4",22448052.74,208.3
1660922370,"disk4",11276123.49,133.78
1660922385,"disk4",15198499.62,137.37
1660922400,"disk4",21553881.84,120.49
1660922415,"disk4",14110212.45,110.81
1660922430,"disk4",14474904.08,204.55
1660922445,"disk4",19083459.78,162.41
1660922460,"disk4",12161417.64,155.34
1660922475,"disk4",15407629.29,98.77
1660922490,"disk4",14151125.85,189.64
1660922505,"disk4",13728759.48,342.16
1660922520,"disk4",15160514.64,170.07
1660922535,"disk4",19343185.34,129.54
1660922550,"disk4",15976810.63,198.21
1660922565,"disk4",17703551.97,163.51
1660922580,"disk4",25548364.75,212.25
1660922595,"disk4",19112546.42,311.92
1660922610,"disk4",37659684.04,347.33
1660922625,"disk4",30219828.62,50.09
1660922640,"disk4",14857500.74,199.32
1660922655,"disk4",11837540.07,117.32
1660922670,"disk4",18413734.91,112.37
1660922685,"disk4",23321126.63,95.12
1660922700,"disk4",18264865.4,121.41
1660922715,"disk4",42632702.86,174.79
1660922730,"disk4",15261060.44,108.93
1660922745,"disk4",16114426.78,133.58
1660922760,"disk4",13602532.58,198.02
1660922775,"disk4",13828175.24,129.7
1660922790,"disk4",22286055.31,128.72
1660922805,"disk4",36727143.34,227.48
1660922820,"disk4",27633413.17,163.47
1660922835,"disk4",30412227.92,264.66
1660922850,"disk4",24082619.34,246.57
1660922865,"disk4",19073708.86,155.03
1660922880,"disk4",14564471.37,288.38
1660922895,"disk4",29001368.85,148.03
1660922910,"disk4",21212129.8,374.76
1660922925,"disk4",31384313.64,288.17
1660922940,"disk4",17320426.85,196.58
1660922955,"disk4",12515412.98,545.11
1660922970,"disk4",11159283.21,225.39
1660922985,"disk4",11482168.12,134.02
1660923000,"disk4",12487836.81,129.16
1660923015,"disk4",11150414.07,104.72
1660923030,"disk4",12956360.72,91.69
1660923045,"disk4",NA,142.11
1660923060,"disk4",9522673.39,157.13
1660923075,"disk4",10607495.74,93.9
1660923090,"disk4",8117572.33,236.42
1660923105,"disk4",9665669.62,116.68
1660923120,"disk4",12657112.48,215.52
1660923135,"disk4",9802817.04,107.58
1660923150,"disk4",13617284.9,164.52
1660923165,"disk4",8788209.18,227.16
1660923180,"disk4",10012234.79,169.26
1660923195,"disk4",13839378.61,NA
1660923210,"disk4",18016548.46,167.55
1660923225,"disk4",13207641.77,140.65
1660923240,"disk4",9709634.16,184.52
1660923255,"disk4",15146293.42,176.59
1660923270,"disk4",18753918.87,171.55
1660923285,"disk4",30717256.07,242.65
1660923300,"disk4",28424061.91,118.18
1660923315,"disk4",20984446.6,173.04
1660923330,"disk4",16559002.38,123.31
1660923345,"disk4",24451500.15,174.18
1660923360,"disk4",16579078.95,280.18
1660923375,"disk4",15585498.07,353.64
1660923390,"disk4",13267082.15,248.73
1660923405,"disk4",24151438.47,138.48
1660923420,"disk4",21457232.3,158.82
1660923435,"disk4",33034820,213.54
1660923450,"disk4",33011589.33,112.24
1660923465,"disk4",18319331.01,151.54
1660923480,"disk4",12759306.66,267.69
1660923495,"disk4",22626599.28,137.45
1660923510,"disk4",25780103.3,121.95
1660923525,"disk4",31104403.55,220.91
1660923540,"disk4",35891361.99,73.36
1660923555,"disk4",17802887.58,172.32
1660923570,"disk4",20050704.61,135.07
1660923585,"disk4",23850757.38,103.59
1660923600,"disk4",17841549.13,102.96
1660923615,"disk4",29388157.07,134.47
1660923630,"disk4",27578488.27,143.44
1660923645,"disk4",21041288.64,136.34
1660923660,"disk4",9878553.66,163.08
1660923675,"disk4",14689946.26,134.68
1660923690,"disk4",14433517.48,115.13
1660923705,"disk4",15498077.02,248.89
1660923720,"disk4",15476672.56,154.64
1660923735,"disk4",17321967.16,332.07
1660923750,"disk4",16571100.36,356.03
1660923765,"disk4",16920158.09,175.35
1660923780,"disk4",18214617.33,94.82
1660923795,"disk4",17567262.57,173.67
1660923810,"disk4",20003772.92,228.62
1660923825,"disk4",16374636.99,163.88
1660923840,"disk4",17951713.19,191.13
1660923855,"disk4",14043209.67,554.49
1660923870,"disk4",17364907.69,137.16
1660923885,"disk4",17907236.27,136.71
1660923900,"disk4",10929542.04,203.02
1660923915,"disk4",11148151.41,124.16
1660923930,"disk4",13867353.29,188.77
1660923945,"disk4",10131278.99,378.17
1660923960,"disk4",13367257.71,222.61
1660923975,"disk4",17452721.26,78.72
1660923990,"disk4",29302556.86,250.59
1660924005,"disk4",18697361.13,207.42
1660924020,"disk4",9954584.05,155.86
1660924035,"disk4",12688313.71,101.97
1660924050,"disk4",12277801.07,258.39
1660924065,"disk4",15346934.64,80.48
1660924080,"disk4",18738747.26,188.93
1660924095,"disk4",13920853.39,249.73
1660924110,"disk4",15328163.5,326.32
1660924125,"disk4",16439316.49,83.5
1660924140,"disk4",16486151.7,119.72
1660924155,"disk4",47589003.37,109.3
1660924170,"disk4",39819187.62,129.09
1660924185,"disk4",12222893.44,126.31
1660924200,"disk4",14221312.6,90.06
1660924215,"disk4",15454999.7,140.31
1660924230,"disk4",11425479.54,58.42
1660924245,"disk4",30143746.43,91.62
1660924260,"disk4",17020667.26,79.8
1660924275,"disk4",10021403.09,81.4
1660924290,"disk4",7491070.62,108.62
1660924305,"disk4",22965639.71,160.12
1660924320,"disk4",22394431.55,261.55
1660924335,"disk4",23155400.21,85.59
1660924350,"disk4",22309351.25,89.16
1660924365,"disk4",12232565.79,122.29
1660924380,"disk4",7697229.46,83.55
1660924395,"disk4",18820110.93,146.29
1660924410,"disk4",24574216.01,77.7
1660924425,"disk4",20323018.19,186.51
1660924440,"disk4",11724861.28,113.5
1660924455,"disk4",6664339.28,145.41
1660924470,"disk4",10608729.01,179.46
1660924485,"disk4",11963984.05,175.29
1660924500,"disk4",13006684.39,128.6
1660924515,"disk4",16102671.58,99.79
1660924530,"disk4",7909178.66,174.9
1660924545,"disk4",23822025.71,101.7
1660924560,"disk4",17812193.1,142.45
1660924575,"disk4",9130041.68,323.59
1660924590,"disk4",19064837,133.2
1660924605,"disk4",17643647.91,284.94
1660924620,"disk4",22659974.61,189.54
1660924635,"disk4",9278928.48,119.88
1660924650,"disk4",10486364.85,231.99
1660924665,"disk4",12151648.16,147.23
1660924680,"disk4",14004992.28,179.3
1660924695,"disk4",11522088.3,131.85
1660924710,"disk4",21072909.84,232.46
1660924725,"disk4",26853546.95,289.22
1660924740,"disk4",24032994.15,423.28
1660924755,"disk4",12578950.48,305.03
1660924770,"disk4",13350518.85,193.96
1660924785,"disk4",17760549.94,115.42
1660924800,"disk4",22909259.44,220.15
1660914015,"disk5",38285004.91,539.54
1660914030,"disk5",27365523.53,427.42
1660914045,"disk5",32812691.02,NA
1660914060,"disk5",29800901.04,NA
1660914075,"disk5",22266208.48,289.8
1660914090,"disk5",18115743.39,238.7
1660914105,"disk5",20126898.9,NA
1660914120,"disk5",18504466.62,229.64
1660914135,"disk5",35231627.99,500.98
1660914150,"disk5",29434626.27,400.58
1660914165,"disk5",34202345.34,NA
1660914180,"disk5",21215151.07,326.65
1660914195,"disk5",24549639.5,350.49
1660914210,"disk5",24489374.19,364.67
1660914225,"disk5",31270056.44,357.36
1660914240,"disk5",33516539.03,560.55
1660914255,"disk5",29122064.27,374.93
1660914270,"disk5",25919370.47,344.92
1660914285,"disk5",28701701.4,118.1
1660914300,"disk5",25746204.16,350.86
1660914315,"disk5",22436609.54,257.18
1660914330,"disk5",28083902.89,213.8
1660914345,"disk5",30678428.28,101.14
1660914360,"disk5",35187073.41,335.57
1660914375,"disk5",29411664.1,370.53
1660914390,"disk5",47985423.34,2666.83
1660914405,"disk5",23858436.78,293.08
1660914420,"disk5",26603276.07,656.36
1660914435,"disk5",57227101.97,306.12
1660914450,"disk5",18774983.61,347.75
1660914465,"disk5",21028230.5,NA
1660914480,"disk5",19861998.13,831.37
1660914495,"disk5",17349251.97,243.3
1660914510,"disk5",17501314.56,252.88
1660914525,"disk5",21729264.17,236.83
1660914540,"disk5",16940970.57,226.47
1660914555,"disk5",23352587.58,323.23
1660914570,"disk5",18522823.79,NA
1660914585,"disk5",15652266.37,215.18
1660914600,"disk5",15244720.7,296.44
1660914615,"disk5",15843095.11,236.51
1660914630,"disk5",18521943.34,212.2
1660914645,"disk5",15274117.72,NA
1660914660,"disk5",13497684.95,249.6
1660914675,"disk5",10388901.13,NA
1660914690,"disk5",12952009.35,159.65
1660914705,"disk5",22597987.82,NA
1660914720,"disk5",25258121.76,147.62
1660914735,"disk5",19683296.82,161.25
1660914750,"disk5",20779079.13,NA
1660914765,"disk5",21092696.33,301.85
1660914780,"disk5",23375398.66,189.46
1660914795,"disk5",26688076.44,218.05
1660914810,"disk5",33971552.74,184.14
1660914825,"disk5",45457940.72,118.29
1660914840,"disk5",31289388.11,223.3
1660914855,"disk5",30179318.82,220.44
1660914870,"disk5",26911801.38,520.73
1660914885,"disk5",30837508.42,534.36
1660914900,"disk5",34052040.8,325.76
1660914915,"disk5",40098877.56,397.6
1660914930,"disk5",39314971.4,220.79
1660914945,"disk5",34789316.9,NA
1660914960,"disk5",34787961.71,705.74
1660914975,"disk5",27507494.33,448.88
1660914990,"disk5",30950825.53,430.11
1660915005,"disk5",32386062.21,533.18
1660915020,"disk5",43124331.67,204.16
1660915035,"disk5",37329178.58,NA
1660915050,"disk5",35520533.87,268.79
1660915065,"disk5",29700504.03,382.86
1660915080,"disk5",36045243.77,NA
1660915095,"disk5",31261859.17,419.94
1660915110,"disk5",31951518.48,380.81
1660915125,"disk5",23965596.46,324.45
1660915140,"disk5",22158522.44,210.71
1660915155,"disk5",30555542.5,264.08
1660915170,"disk5",18878258.99,385.51
1660915185,"disk5",23672808.18,192.35
1660915200,"disk5",24048624.36,367.07
1660915215,"disk5",16370436.78,422.4
1660915230,"disk5",21932595.62,370.47
1660915245,"disk5",32925611.32,NA
1660915260,"disk5",19044098.26,134.31
1660915275,"disk5",25346283.05,325.58
1660915290,"disk5",23533854.14,196.94
1660915305,"disk5",25851614.84,246.96
1660915320,"disk5",19902676.21,65.99
1660915335,"disk5",29261206.8,234.74
1660915350,"disk5",35481487.66,160.45
1660915365,"disk5",36118918.96,107.02
1660915380,"disk5",29430103.95,359.86
1660915395,"disk5",25119917.01,392.02
1660915410,"disk5",26408627.12,152.12
1660915425,"disk5",23511025.43,NA
1660915440,"disk5",15606877.78,183.7
1660915455,"disk5",18911102.44,223.97
1660915470,"disk5",20574337.51,165.88
1660915485,"disk5",19415289.95,241.93
1660915500,"disk5",25167905.5,NA
1660915515,"disk5",25176085.27,436.46
1660915530,"disk5",28822160.46,326.79
1660915545,"disk5",32396814.76,NA
1660915560,"disk5",25271455.28,NA
1660915575,"disk5",27124813.29,279.58
1660915590,"disk5",23924271.07,279.77
1660915605,"disk5",25509549.15,273.61
1660915620,"disk5",32692911.78,NA
1660915635,"disk5",25780095.32,163.07
1660915650,"disk5",31376250.29,272.95
1660915665,"disk5",28496988.34,151.3
1660915680,"disk5",25850530.95,194.14
1660915695,"disk5",18086953.48,269.26
1660915710,"disk5",20430276.82,237.89
1660915725,"disk5",21461034.19,NA
1660915740,"disk5",24681392.99,275.3
1660915755,"disk5",20879948.64,395.18
1660915770,"disk5",17849488.95,NA
1660915785,"disk5",23901127.87,186.63
1660915800,"disk5",30971020.17,229.57
1660915815,"disk5",19428756.82,NA
1660915830,"disk5",19376186.18,280.03
1660915845,"disk5",17107219.25,114.34
1660915860,"disk5",15785483.44,NA
1660915875,"disk5",17653414.08,344.73
1660915890,"disk5",16645871.17,346.62
1660915905,"disk5",18589261.06,253.39
1660915920,"disk5",16909009.97,381.08
1660915935,"disk5",17796516.25,404.65
1660915950,"disk5",24402461.06,356.66
1660915965,"disk5",27534211.58,400.5
1660915980,"disk5",22342472.26,194.51
1660915995,"disk5",16349414.78,221.34
1660916010,"disk5",19832026.8,279.83
1660916025,"disk5",18876304.34,277.38
1660916040,"disk5",31149791.38,195.46
1660916055,"disk5",19207012.95,243.12
1660916070,"disk5",13966390.3,386.85
1660916085,"disk5",19323780.72,233.96
1660916100,"disk5",14193991.56,302.83
1660916115,"disk5",23345662.4,173.36
1660916130,"disk5",19248993.52,150.6
1660916145,"disk5",32366457.1,253.31
1660916160,"disk5",26027200.84,195.9
1660916175,"disk5",34062852.91,198.52
1660916190,"disk5",16371706.58,147.8
1660916205,"disk5",12706186.14,251.32
1660916220,"disk5",12823392.13,246.24
1660916235,"disk5",13633595.44,NA
1660916250,"disk5",21627573.83,312.03
1660916265,"disk5",20561811.86,165.35
1660916280,"disk5",14776827.09,299.58
1660916295,"disk5",15440606.1,193.46
1660916310,"disk5",12922310.15,249.97
1660916325,"disk5",12937575.5,196.3
1660916340,"disk5",14973616.12,167.48
1660916355,"disk5",12751600.99,180.17
1660916370,"disk5",13071053.5,134.08
1660916385,"disk5",21775756.98,332.16
1660916400,"disk5",11048782.61,189.53
1660916415,"disk5",14053175.64,291.37
1660916430,"disk5",15044778.26,299.73
1660916445,"disk5",19308955.93,306.96
1660916460,"disk5",22794784.07,NA
1660916475,"disk5",27272548.99,219.42
1660916490,"disk5",21395871.65,NA
1660916505,"disk5",18433497.7,96.79
1660916520,"disk5",15868925.05,112.64
1660916535,"disk5",20911116.09,135.62
1660916550,"disk5",26707439.95,247.28
1660916565,"disk5",32751412.83,235.88
1660916580,"disk5",24901469.68,157.54
1660916595,"disk5",20047005.75,192.34
1660916610,"disk5",22129980.62,112.16
1660916625,"disk5",21144598.13,178.03
1660916640,"disk5",27458353.19,125.72
1660916655,"disk5",27258251.95,179.05
1660916670,"disk5",22904023.04,104.67
1660916685,"disk5",31880218.32,212.78
1660916700,"disk5",43846803.41,119.46
1660916715,"disk5",38918541.48,101.87
1660916730,"disk5",24255227.24,123.36
1660916745,"disk5",26343246.32,160.3
1660916760,"disk5",23514280.52,102.67
1660916775,"disk5",16849665.74,190.21
1660916790,"disk5",18704336.09,75.31
1660916805,"disk5",23011230.5,188.12
1660916820,"disk5",20988367.02,247.41
1660916835,"disk5",17973314.74,250.19
1660916850,"disk5",23144983.47,225.14
1660916865,"disk5",17374122.97,195.8
1660916880,"disk5",22080197.25,109.09
1660916895,"disk5",32771438.8,222.72
1660916910,"disk5",60429515.38,220.94
1660916925,"disk5",37590736.82,331.93
1660916940,"disk5",32560068.96,287.94
1660916955,"disk5",35560317.37,181.85
1660916970,"disk5",36838293.01,203.38
1660916985,"disk5",37614564.54,77.5
1660917000,"disk5",26335276.16,190.74
1660917015,"disk5",39730768.28,218.9
1660917030,"disk5",36347443.09,266.67
1660917045,"disk5",42142473.93,164.94
1660917060,"disk5",55914297.13,207.54
1660917075,"disk5",52881102.26,509.42
1660917090,"disk5",28461611.46,383.89
1660917105,"disk5",36840234.33,210.9
1660917120,"disk5",31370458.07,NA
1660917135,"disk5",29903632.51,184.68
1660917150,"disk5",27880514.51,117.37
1660917165,"disk5",26878635.7,120.39
1660917180,"disk5",35866562.69,177.98
1660917195,"disk5",29949110.62,156.06
1660917210,"disk5",19291786.99,141.95
1660917225,"disk5",17903106.05,88.63
1660917240,"disk5",23596772.63,189.49
1660917255,"disk5",35525312.23,366.39
1660917270,"disk5",26070961.72,NA
1660917285,"disk5",22689845.38,316.23
1660917300,"disk5",21441828.89,586.13
1660917315,"disk5",17548764.56,291.71
1660917330,"disk5",29947375.25,113.13
1660917345,"disk5",14531012.6,249.55
1660917360,"disk5",29929717.54,114.91
1660917375,"disk5",25309554.77,321.48
1660917390,"disk5",34139719.35,242.87
1660917405,"disk5",19797838.98,106.32
1660917420,"disk5",28208948.54,362.67
1660917435,"disk5",21812678.72,162.05
1660917450,"disk5",19043242.34,523.18
1660917465,"disk5",20312852.18,178.48
1660917480,"disk5",22737371.51,285.11
1660917495,"disk5",19008085.07,NA
1660917510,"disk5",23737556.33,NA
1660917525,"disk5",38803987.56,NA
1660917540,"disk5",61904223.54,NA
1660917555,"disk5",51703220.27,NA
1660917570,"disk5",42215537.64,298.02
1660917585,"disk5",29261610.26,290.57
1660917600,"disk5",34904703.5,321.69
1660917615,"disk5",27932120.95,248.97
1660917630,"disk5",20636363.11,292.88
1660917645,"disk5",20025239.7,NA
1660917660,"disk5",21417976.49,281.3
1660917675,"disk5",21952738.05,NA
1660917690,"disk5",34504149.4,139.99
1660917705,"disk5",45486368.8,123.18
1660917720,"disk5",40838472.48,188.73
1660917735,"disk5",15221736.56,344.17
1660917750,"disk5",19686897.62,219.82
1660917765,"disk5",17438485.48,266.65
1660917780,"disk5",15427255.6,213.34
1660917795,"disk5",17888081.41,144.78
1660917810,"disk5",14996749.19,284.82
1660917825,"disk5",25044714.25,NA
1660917840,"disk5",14393724.62,NA
1660917855,"disk5",15410814.17,172.53
1660917870,"disk5",33679962.91,309.76
1660917885,"disk5",25748129.11,492.22
1660917900,"disk5",21643542,119.87
1660917915,"disk5",27696528.44,336.81
1660917930,"disk5",24792996.06,198.96
1660917945,"disk5",15251777.1,247.42
1660917960,"disk5",14672189.73,364.43
1660917975,"disk5",10126564.3,NA
1660917990,"disk5",15993521.38,217.57
1660918005,"disk5",22019136.87,214.62
1660918020,"disk5",12386260.85,202.99
1660918035,"disk5",12977214.34,318.58
1660918050,"disk5",21046384.26,951.01
1660918065,"disk5",27260321.64,59.12
1660918080,"disk5",11486910,571.78
1660918095,"disk5",6918845.84,541.72
1660918110,"disk5",20286408.36,307.78
1660918125,"disk5",17137653.91,395.56
1660918140,"disk5",15245323.87,182.63
1660918155,"disk5",20293867.54,247.67
1660918170,"disk5",12480421.94,234.21
1660918185,"disk5",9141263.91,NA
1660918200,"disk5",13674953.35,170.94
1660918215,"disk5",9285119.89,179.8
1660918230,"disk5",16491999.18,366.28
1660918245,"disk5",18871345.55,376.69
1660918260,"disk5",21255869.5,85.05
1660918275,"disk5",18781158.91,NA
1660918290,"disk5",19771631.89,433.85
1660918305,"disk5",26335621.54,106.04
1660918320,"disk5",32308957.58,105.06
1660918335,"disk5",22755110,221.66
1660918350,"disk5",18514342.51,133.76
1660918365,"disk5",14097069.95,171.46
1660918380,"disk5",16360018.05,155.78
1660918395,"disk5",27203144.84,123.8
1660918410,"disk5",15650700.7,184.95
1660918425,"disk5",23854904.37,160.66
1660918440,"disk5",33586983.01,115.38
1660918455,"disk5",44672386.55,286.52
1660918470,"disk5",44767346.4,326.73
1660918485,"disk5",68530964.97,174.9
1660918500,"disk5",41358603.55,304.36
1660918515,"disk5",16815362.54,244.57
1660918530,"disk5",20865160.93,160.82
1660918545,"disk5",21604222.45,139.9
1660918560,"disk5",24291829.7,NA
1660918575,"disk5",28198706.78,NA
1660918590,"disk5",33931183.7,NA
1660918605,"disk5",32620957.84,94.45
1660918620,"disk5",26258277.25,169.88
1660918635,"disk5",41975977.86,140.75
1660918650,"disk5",29766036.19,225.93
1660918665,"disk5",22247541.6,409.74
1660918680,"disk5",21093856.56,132.41
1660918695,"disk5",16511895.66,67
1660918710,"disk5",18802029.78,188.66
1660918725,"disk5",20174515.55,NA
1660918740,"disk5",20108107.5,184.42
1660918755,"disk5",6355693.09,210.65
1660918770,"disk5",12781267.9,138.58
1660918785,"disk5",12700801.95,86.68
1660918800,"disk5",5224282.46,173.79
1660918815,"disk5",11087476.79,129.67
1660918830,"disk5",8652485.36,84.45
1660918845,"disk5",9920307.34,137.75
1660918860,"disk5",9198265.3,136.83
1660918875,"disk5",12629738.39,NA
1660918890,"disk5",34204930.56,188.98
1660918905,"disk5",18253725.18,NA
1660918920,"disk5",25429233.19,228.11
1660918935,"disk5",12779210.7,214.4
1660918950,"disk5",10308603.7,262.73
1660918965,"disk5",19264984.03,130.88
1660918980,"disk5",20740537.47,538.93
1660918995,"disk5",22962665.3,232.5
1660919010,"disk5",22576614.89,192.02
1660919025,"disk5",27691079.89,111.81
1660919040,"disk5",25036792.38,135.57
1660919055,"disk5",29306951.96,262.91
1660919070,"disk5",16379421.24,165.16
1660919085,"disk5",18231758.32,234.86
1660919100,"disk5",19923514.6,308.9
1660919115,"disk5",17476560.01,458.46
1660919130,"disk5",20239458.7,626.64
1660919145,"disk5",24473919.91,767.96
1660919160,"disk5",27141950.82,435.53
1660919175,"disk5",14212661.55,182.56
1660919190,"disk5",11897509.08,NA
1660919205,"disk5",12797356.98,NA
1660919220,"disk5",37851962.3,275.2
1660919235,"disk5",32195731.32,255.26
1660919250,"disk5",21527899.13,NA
1660919265,"disk5",19599176.03,327.04
1660919280,"disk5",28749611.17,251.01
1660919295,"disk5",34789537.65,469.53
1660919310,"disk5",17758815,321
1660919325,"disk5",30514490.4,217.55
1660919340,"disk5",29188744.75,200.32
1660919355,"disk5",21613627.66,131.98
1660919370,"disk5",10003217.7,242.71
1660919385,"disk5",9328293.72,239.01
1660919400,"disk5",15105462.68,197.65
1660919415,"disk5",29930033.71,107.43
1660919430,"disk5",29167535.62,128.28
1660919445,"disk5",13936599.79,329.3
1660919460,"disk5",13199226.71,184.49
1660919475,"disk5",21943535.82,122.43
1660919490,"disk5",13447939.06,45.64
1660919505,"disk5",18935017.28,NA
1660919520,"disk5",13884739.13,225.77
1660919535,"disk5",11084692.54,128.09
1660919550,"disk5",11602529.14,82.35
1660919565,"disk5",12059603.4,129.58
1660919580,"disk5",22379485.38,NA
1660919595,"disk5",25163150.03,92.7
1660919610,"disk5",14984105.28,NA
1660919625,"disk5",10186205.52,197.3
1660919640,"disk5",10415175.3,155.02
1660919655,"disk5",7038183.8,199.82
1660919670,"disk5",8334577.11,123.28
1660919685,"disk5",15682808.65,145.59
1660919700,"disk5",17265325.88,104.88
1660919715,"disk5",10338745.38,NA
1660919730,"disk5",10193952.47,219.83
1660919745,"disk5",12601301.82,201.68
1660919760,"disk5",11516631.21,175.42
1660919775,"disk5",16145950.72,NA
1660919790,"disk5",20792654.88,231.54
1660919805,"disk5",28788497,243.84
1660919820,"disk5",32305416.1,159.76
1660919835,"disk5",21410276.25,130.98
1660919850,"disk5",15100623.07,190.62
1660919865,"disk5",14873784.11,130.86
1660919880,"disk5",14302458.31,185.79
1660919895,"disk5",21148930.06,250.52
1660919910,"disk5",10182529.99,NA
1660919925,"disk5",12807231.7,57.12
1660919940,"disk5",12837027.4,120.71
1660919955,"disk5",9709869.35,138.42
1660919970,"disk5",13942159.56,138.78
1660919985,"disk5",33186054.54,349.69
1660920000,"disk5",42065315.36,335.7
1660920015,"disk5",30909864.55,200.7
1660920030,"disk5",11607862.88,146.55
1660920045,"disk5",19921776.96,197.4
1660920060,"disk5",37862933.17,282.41
1660920075,"disk5",39985289.34,140.57
1660920090,"disk5",26705514.46,NA
1660920105,"disk5",23467891.38,239.17
1660920120,"disk5",22999509.23,205.79
1660920135,"disk5",19539594.34,97.66
1660920150,"disk5",16302336.03,95.46
1660920165,"disk5",34619116.25,96.92
1660920180,"disk5",15397830.11,228.9
1660920195,"disk5",18281229.23,247.39
1660920210,"disk5",14806382.88,121.81
1660920225,"disk5",14211795.83,NA
1660920240,"disk5",15223789.63,105.08
1660920255,"disk5",16230797.29,164.78
1660920270,"disk5",24352683.1,109.43
1660920285,"disk5",31300275.91,155.24
1660920300,"disk5",13928784.01,123.94
1660920315,"disk5",20410558.4,131.36
1660920330,"disk5",14635271.48,94.51
1660920345,"disk5",17514789.56,106.78
1660920360,"disk5",12912618.19,149.44
1660920375,"disk5",24057499.38,227.83
1660920390,"disk5",25212882.26,232.35
1660920405,"disk5",20393119.04,117.1
1660920420,"disk5",29016575.93,NA
1660920435,"disk5",22185675.47,NA
1660920450,"disk5",29907091.06,84.56
1660920465,"disk5",31675830.77,89.92
1660920480,"disk5",15752480.87,73.1
1660920495,"disk5",15393965.15,NA
1660920510,"disk5",20297035.89,147.06
1660920525,"disk5",13207839.04,102.69
1660920540,"disk5",14473342.46,112.23
1660920555,"disk5",29258720.36,128.84
1660920570,"disk5",49154088.92,101.27
1660920585,"disk5",26093119.27,162.93
1660920600,"disk5",47837529.76,145.27
1660920615,"disk5",36049132.99,NA
1660920630,"disk5",14460486.58,415.13
1660920645,"disk5",15763656.45,196.22
1660920660,"disk5",20954397.62,136.9
1660920675,"disk5",24183968.17,109.51
1660920690,"disk5",11744756.05,130.34
1660920705,"disk5",14404712.61,169.11
1660920720,"disk5",12842117.82,80.05
1660920735,"disk5",31998947.76,141.55
1660920750,"disk5",28921735.21,91.68
1660920765,"disk5",18615000.63,65.04
1660920780,"disk5",42832414.76,NA
1660920795,"disk5",26221547.14,111.9
1660920810,"disk5",31732274.99,NA
1660920825,"disk5",27822770.59,396.46
1660920840,"disk5",33898223.72,273.8
1660920855,"disk5",24091692.88,112.95
1660920870,"disk5",17823265.99,NA
1660920885,"disk5",27498072.55,375.84
1660920900,"disk5",29021420.4,358.39
1660920915,"disk5",20204969.46,NA
1660920930,"disk5",23655905.33,253.9
1660920945,"disk5",34917067.26,212.26
1660920960,"disk5",21683012.38,145.51
1660920975,"disk5",22995327.83,155.06
1660920990,"disk5",19893329.81,NA
1660921005,"disk5",18941475.92,224.12
1660921020,"disk5",33218128.97,143
1660921035,"disk5",24674485.88,140.25
1660921050,"disk5",29672843.41,144.38
1660921065,"disk5",37129068.2,187.76
1660921080,"disk5",41162084.95,130.12
1660921095,"disk5",28844070.47,152.95
1660921110,"disk5",19818275.99,204.23
1660921125,"disk5",27565696.07,NA
1660921140,"disk5",21016995.4,101.5
1660921155,"disk5",33948325.74,243.65
1660921170,"disk5",31119163.74,101.19
1660921185,"disk5",21004400.14,124.34
1660921200,"disk5",17545365.43,102.62
1660921215,"disk5",16151317.75,174.07
1660921230,"disk5",20152865.51,195.74
1660921245,"disk5",18467294.54,242.62
1660921260,"disk5",30252202.78,111.72
1660921275,"disk5",34511960.22,145.31
1660921290,"disk5",22767206.85,232.5
1660921305,"disk5",16684999.11,233.17
1660921320,"disk5",18027833.26,319.58
1660921335,"disk5",16983646.83,234.98
1660921350,"disk5",21075006.99,133.17
1660921365,"disk5",17424584.78,117.67
1660921380,"disk5",19199347.62,155.76
1660921395,"disk5",27875635.3,86.46
1660921410,"disk5",31882617.27,98.72
1660921425,"disk5",29762786.48,383.72
1660921440,"disk5",50527552.74,422.78
1660921455,"disk5",32782478.96,NA
1660921470,"disk5",16525703.13,469.79
1660921485,"disk5",19258396.68,330.27
1660921500,"disk5",14391634.7,105.62
1660921515,"disk5",28016114.7,NA
1660921530,"disk5",14350437.48,183.68
1660921545,"disk5",14772731.51,NA
1660921560,"disk5",11496341.73,97.45
1660921575,"disk5",13568366.02,110.94
1660921590,"disk5",13540185.43,103.6
1660921605,"disk5",15075310.27,290.71
1660921620,"disk5",15476639.95,254.5
1660921635,"disk5",21525580.36,124.95
1660921650,"disk5",29211286.44,350.99
1660921665,"disk5",26985865.48,458.54
1660921680,"disk5",23787181.1,298.08
1660921695,"disk5",17926795.56,201.36
1660921710,"disk5",12480444.99,226.13
1660921725,"disk5",12772532.01,275.54
1660921740,"disk5",23169105.61,133.79
1660921755,"disk5",13806743.25,220.06
1660921770,"disk5",20991889.56,326.23
1660921785,"disk5",17709854.35,72.97
1660921800,"disk5",16825689.46,174.06
1660921815,"disk5",14826300.24,191.73
1660921830,"disk5",8983767.26,87.17
1660921845,"disk5",16632165.14,100.16
1660921860,"disk5",12184627.46,422.38
1660921875,"disk5",17677838.94,286.37
1660921890,"disk5",26231013.03,129.82
1660921905,"disk5",13274066.57,205.11
1660921920,"disk5",15783526.51,151.6
1660921935,"disk5",29378833.36,173.54
1660921950,"disk5",21334521.13,307.1
1660921965,"disk5",13669266.42,210.9
1660921980,"disk5",19889756.73,256.87
1660921995,"disk5",32347092.4,382.58
1660922010,"disk5",25767618.24,411.91
1660922025,"disk5",28195634.76,250.58
1660922040,"disk5",24207726.24,197.89
1660922055,"disk5",17476342.24,198.53
1660922070,"disk5",18028932.01,177.75
1660922085,"disk5",14677782.39,272.2
1660922100,"disk5",22754723.16,194.51
1660922115,"disk5",19403275.38,135.4
1660922130,"disk5",21561628.95,122.7
1660922145,"disk5",17751560.58,138.77
1660922160,"disk5",16062200.93,195.38
1660922175,"disk5",11573872.65,NA
1660922190,"disk5",15340464.83,273.75
1660922205,"disk5",13103296.69,NA
1660922220,"disk5",26963120.07,164.06
1660922235,"disk5",14662818.82,140.38
1660922250,"disk5",29862598.86,127.76
1660922265,"disk5",33011885.16,185.16
1660922280,"disk5",31476803.63,255.7
1660922295,"disk5",30202815.82,138.06
1660922310,"disk5",36739164.43,587.76
1660922325,"disk5",23401508.25,104.61
1660922340,"disk5",18550044.46,211.32
1660922355,"disk5",19417681.08,335.73
1660922370,"disk5",18083458.68,NA
1660922385,"disk5",24460849.25,450.34
1660922400,"disk5",20401740.96,273.76
1660922415,"disk5",34769698.76,128.3
1660922430,"disk5",30327714.76,187.4
1660922445,"disk5",23045442.38,133.49
1660922460,"disk5",16409464.52,291.25
1660922475,"disk5",20149034.49,94.87
1660922490,"disk5",20730121.91,210.79
1660922505,"disk5",24331727.66,153.43
1660922520,"disk5",37433472.26,102.05
1660922535,"disk5",31138703.35,125.2
1660922550,"disk5",20635958.23,157.86
1660922565,"disk5",41565100.73,122.03
1660922580,"disk5",37350010.66,103.7
1660922595,"disk5",15483127.53,150.61
1660922610,"disk5",14016421.66,216.98
1660922625,"disk5",15702901.6,59.69
1660922640,"disk5",16488185.99,NA
1660922655,"disk5",15439044.02,283.19
1660922670,"disk5",25273017.86,131.75
1660922685,"disk5",14530278.86,111.01
1660922700,"disk5",13281882.8,85.51
1660922715,"disk5",23092068.55,NA
1660922730,"disk5",13742373.99,255.7
1660922745,"disk5",21401474.31,131.16
1660922760,"disk5",30218271.42,144.69
1660922775,"disk5",16665262.91,125.87
1660922790,"disk5",11252149.91,152.42
1660922805,"disk5",15995443.64,138.31
1660922820,"disk5",15117012.66,65.3
1660922835,"disk5",11216530.82,130
1660922850,"disk5",12873543.99,NA
1660922865,"disk5",14622494.58,101.32
1660922880,"disk5",13932973.33,NA
1660922895,"disk5",20417582.89,NA
1660922910,"disk5",11865976.36,168.98
1660922925,"disk5",11263175.59,233.85
1660922940,"disk5",12314064.2,158.64
1660922955,"disk5",14205219.66,145.11
1660922970,"disk5",10687020.82,145.74
1660922985,"disk5",12473708.13,258.84
1660923000,"disk5",9543947.8,241.42
1660923015,"disk5",13612237.37,311.94
1660923030,"disk5",12683824.74,133.87
1660923045,"disk5",11116300.48,130.9
1660923060,"disk5",10897522.25,88.98
1660923075,"disk5",13591132.94,65.93
1660923090,"disk5",12533695.9,211.69
1660923105,"disk5",15228089.13,118.26
1660923120,"disk5",14275063.61,137.6
1660923135,"disk5",14274470.88,NA
1660923150,"disk5",13380121.56,202.25
1660923165,"disk5",15976311.09,178.86
1660923180,"disk5",20255590.08,189.53
1660923195,"disk5",16639989.06,NA
1660923210,"disk5",18041552.23,NA
1660923225,"disk5",20333118.2,113.64
1660923240,"disk5",15055001.31,134.07
1660923255,"disk5",25249825.39,NA
1660923270,"disk5",40209512.64,NA
1660923285,"disk5",36317864.78,110.53
1660923300,"disk5",13704471.52,274.26
1660923315,"disk5",14704169.3,267.34
1660923330,"disk5",12643892.77,300.86
1660923345,"disk5",17428257.06,136.6
1660923360,"disk5",19121807.27,279.28
1660923375,"disk5",14003006.58,443.98
1660923390,"disk5",15246385.02,214.54
1660923405,"disk5",28854732.74,104.08
1660923420,"disk5",23815140.64,125.91
1660923435,"disk5",17599615.48,159.65
1660923450,"disk5",23277150.09,152.89
1660923465,"disk5",26541669.19,172.7
1660923480,"disk5",13168046.16,135.05
1660923495,"disk5",15990955.54,324.82
1660923510,"disk5",14396332.44,261.53
1660923525,"disk5",12532122.72,209.23
1660923540,"disk5",12826842.03,88.17
1660923555,"disk5",14147735.47,NA
1660923570,"disk5",25297108.21,NA
1660923585,"disk5",24968968.93,262.2
1660923600,"disk5",22624370.84,218.7
1660923615,"disk5",14520453.21,372.42
1660923630,"disk5",9548763.46,289.77
1660923645,"disk5",13344477.19,162.92
1660923660,"disk5",18111556.89,618.64
1660923675,"disk5",10324566.53,NA
1660923690,"disk5",14122497.83,69.89
1660923705,"disk5",26200990.86,377.93
1660923720,"disk5",20029267.25,132.09
1660923735,"disk5",34885144.42,192.37
1660923750,"disk5",38089971.73,162.16
1660923765,"disk5",28749368.79,167.53
1660923780,"disk5",11488247.33,136.85
1660923795,"disk5",11270250.39,231.85
1660923810,"disk5",13009955.28,112.76
1660923825,"disk5",10266237.07,146.4
1660923840,"disk5",19866181.22,NA
1660923855,"disk5",11151455.48,178.88
1660923870,"disk5",11654635.09,120.63
1660923885,"disk5",13638148.63,NA
1660923900,"disk5",15418539.07,371.25
1660923915,"disk5",14468916.75,154.97
1660923930,"disk5",23245463.74,93.72
1660923945,"disk5",21416219.34,171.51
1660923960,"disk5",29103952.56,127.74
1660923975,"disk5",41146324.78,110.67
1660923990,"disk5",28862121.75,128.21
1660924005,"disk5",9341186.88,126.21
1660924020,"disk5",22282570.01,157.5
1660924035,"disk5",37658173.42,102.1
1660924050,"disk5",11683034.64,209.02
1660924065,"disk5",10687604.66,158.54
1660924080,"disk5",10926541.25,107.92
1660924095,"disk5",23403203.54,69.67
1660924110,"disk5",15220094.27,143.97
1660924125,"disk5",9511114.38,152.37
1660924140,"disk5",18194809.89,160.04
1660924155,"disk5",36065641.13,108.38
1660924170,"disk5",25251841.86,171.57
1660924185,"disk5",9902863.58,81.51
1660924200,"disk5",25914673.29,142.59
1660924215,"disk5",27352177.91,107.14
1660924230,"disk5",12323121.09,NA
1660924245,"disk5",8603161.19,214.6
1660924260,"disk5",18468465.54,120.93
1660924275,"disk5",19572396.84,198.87
1660924290,"disk5",10775955.93,131.11
1660924305,"disk5",12634134.93,249.03
1660924320,"disk5",25495157.24,180.7
1660924335,"disk5",29071124.83,93.67
1660924350,"disk5",13294072.66,125.29
1660924365,"disk5",8839218.91,118.59
1660924380,"disk5",10592873.48,167.75
1660924395,"disk5",10404212.97,156.21
1660924410,"disk5",19195664.5,135.64
1660924425,"disk5",11848660.04,255.14
1660924440,"disk5",10390121.75,186.26
1660924455,"disk5",10193249.23,143.93
1660924470,"disk5",12541708.31,155.32
1660924485,"disk5",10616840.32,221.49
1660924500,"disk5",15293842.36,167.27
1660924515,"disk5",10121446.21,133.91
1660924530,"disk5",12076892.22,296.35
1660924545,"disk5",17120291.88,198.68
1660924560,"disk5",12109358.52,578.69
1660924575,"disk5",9790058.69,446.05
1660924590,"disk5",12608486.34,151.5
1660924605,"disk5",11205242.85,180.21
1660924620,"disk5",16124044.09,209.87
1660924635,"disk5",17456980.66,152.53
1660924650,"disk5",19030354.04,276.35
1660924665,"disk5",17996429.97,NA
1660924680,"disk5",25734657.06,112.24
1660924695,"disk5",23503273.97,123.74
1660924710,"disk5",27633966.62,278.97
1660924725,"disk5",23165699.24,357.12
1660924740,"disk5",34820099.78,190.85
1660924755,"disk5",24103692.89,315.5
1660924770,"disk5",25788148.61,264.37
1660924785,"disk5",17137815.54,194.44
1660924800,"disk5",14692992.11,225.23
1660914015,"disk6",22686161.72,177.78
1660914030,"disk6",24612184.09,259.12
1660914045,"disk6",NA,253.16
1660914060,"disk6",30613094.3,NA
1660914075,"disk6",27531200.54,286.45
1660914090,"disk6",21662025.21,215.54
1660914105,"disk6",17606306.28,161.21
1660914120,"disk6",21907643.83,208.9
1660914135,"disk6",23053666.89,210.91
1660914150,"disk6",20067546.83,178.14
1660914165,"disk6",31158944.03,305.93
1660914180,"disk6",21568801.97,237.91
1660914195,"disk6",21953587.06,204.79
1660914210,"disk6",20968940.95,216.72
1660914225,"disk6",26490561.07,243.12
1660914240,"disk6",21930055.68,333.27
1660914255,"disk6",28200358.85,223.82
1660914270,"disk6",43647278.01,452.61
1660914285,"disk6",29514934.79,133.76
1660914300,"disk6",24334152.66,262.81
1660914315,"disk6",34799379.13,221.18
1660914330,"disk6",28034950.98,332.18
1660914345,"disk6",21414568.68,143.72
1660914360,"disk6",21471148.54,263.99
1660914375,"disk6",18834661.08,NA
1660914390,"disk6",50794497.24,185.22
1660914405,"disk6",31706837.74,136.05
1660914420,"disk6",29921332.49,516.58
1660914435,"disk6",21479331.44,256.74
1660914450,"disk6",20622216.51,240.59
1660914465,"disk6",21067142.01,208.08
1660914480,"disk6",22921861.72,171.81
1660914495,"disk6",24492787.54,252.46
1660914510,"disk6",26886850.2,196.78
1660914525,"disk6",32163886.32,222.68
1660914540,"disk6",29198413.19,225.16
1660914555,"disk6",29072322.56,233.96
1660914570,"disk6",39433519.92,1250.18
1660914585,"disk6",39965564.91,248.18
1660914600,"disk6",55029162.12,291.84
1660914615,"disk6",37052533.09,354.78
1660914630,"disk6",28991090.88,334.72
1660914645,"disk6",31683875.33,598.46
1660914660,"disk6",28389018.11,355.98
1660914675,"disk6",26347394.7,205.69
1660914690,"disk6",25698034.47,NA
1660914705,"disk6",34336219.72,NA
1660914720,"disk6",46528190.76,255.29
1660914735,"disk6",38884443.17,181.97
1660914750,"disk6",26568773.47,288.55
1660914765,"disk6",31787752.01,446.71
1660914780,"disk6",33814756.68,450.1
1660914795,"disk6",42523557.35,222.35
1660914810,"disk6",41968108.25,286.16
1660914825,"disk6",47847010.14,177
1660914840,"disk6",52224117.4,273.84
1660914855,"disk6",37350241.63,532.13
1660914870,"disk6",40433188.42,479.64
1660914885,"disk6",46218328.72,458.78
1660914900,"disk6",37543721.54,722.93
1660914915,"disk6",27571573.68,367.95
1660914930,"disk6",24800796.83,360.16
1660914945,"disk6",27349725.15,512.75
1660914960,"disk6",25963556.69,340.7
1660914975,"disk6",21414771.24,323.74
1660914990,"disk6",26497637.96,227.6
1660915005,"disk6",21345540.45,284.72
1660915020,"disk6",43292275.64,140.62
1660915035,"disk6",39059579.91,223.44
1660915050,"disk6",16079062.81,181.48
1660915065,"disk6",20549609.84,288.52
1660915080,"disk6",19961272.23,246.22
1660915095,"disk6",22625844.01,476.86
1660915110,"disk6",13075239.15,417.65
1660915125,"disk6",14847421.3,169.25
1660915140,"disk6",15702507.64,254.81
1660915155,"disk6",13315729.46,238.86
1660915170,"disk6",17888486.13,177.67
1660915185,"disk6",18845668.16,286.5
1660915200,"disk6",17900084.76,279.02
1660915215,"disk6",16791310.01,131.15
1660915230,"disk6",28319042.02,182.12
1660915245,"disk6",25135058.46,145.82
1660915260,"disk6",21627906.73,259.22
1660915275,"disk6",27018521.21,117.04
1660915290,"disk6",24258753.25,143.5
1660915305,"disk6",24781472.35,206.65
1660915320,"disk6",35032872.87,233.72
1660915335,"disk6",29062945.27,169.13
1660915350,"disk6",33351665.41,203.59
1660915365,"disk6",37855515.34,NA
1660915380,"disk6",50680609.72,264.15
1660915395,"disk6",36603754.68,251.71
1660915410,"disk6",26345999.08,199.05
1660915425,"disk6",39137536.25,294.62
1660915440,"disk6",37996800.08,193.27
1660915455,"disk6",31904228.93,228.18
1660915470,"disk6",34255827.72,279.15
1660915485,"disk6",44066830.99,282.31
1660915500,"disk6",33114130.79,NA
1660915515,"disk6",23892285.58,261.2
1660915530,"disk6",30107039.85,407.78
1660915545,"disk6",40920911.15,179.98
1660915560,"disk6",42048930.7,118.32
1660915575,"disk6",33442792.41,455.3
1660915590,"disk6",24394467.4,372.05
1660915605,"disk6",39581997.72,188.07
1660915620,"disk6",45317622.7,370.56
1660915635,"disk6",41630040.93,350.38
1660915650,"disk6",29236716.07,335.06
1660915665,"disk6",26377493.39,333.32
1660915680,"disk6",22642064.97,540.6
1660915695,"disk6",28672591.21,386.95
1660915710,"disk6",25793180.25,192.72
1660915725,"disk6",33150652.39,85.93
1660915740,"disk6",45194924.09,250.6
1660915755,"disk6",31895318.11,1040.61
1660915770,"disk6",40836061.68,385.11
1660915785,"disk6",39347121.4,138
1660915800,"disk6",34129675.36,342.36
1660915815,"disk6",49560306.53,183.28
1660915830,"disk6",34365757.82,193.25
1660915845,"disk6",50484226.54,123.39
1660915860,"disk6",31021932.91,456.21
1660915875,"disk6",48632511.97,245.11
1660915890,"disk6",37607397.06,423.39
1660915905,"disk6",40378632.05,500.28
1660915920,"disk6",34984951.17,252.74
1660915935,"disk6",30223870.14,241.09
1660915950,"disk6",18013374.11,172.03
1660915965,"disk6",20641460.4,254.56
1660915980,"disk6",18360868.63,278.1
1660915995,"disk6",25460209.74,271.45
1660916010,"disk6",21608154.58,499.67
1660916025,"disk6",11580236.51,306.81
1660916040,"disk6",14536918.16,343.23
1660916055,"disk6",23887911.39,411.24
1660916070,"disk6",24183594.96,262.16
1660916085,"disk6",29035937.15,462.74
1660916100,"disk6",21818987.42,404.51
1660916115,"disk6",14341495.41,NA
1660916130,"disk6",14996523.95,636.82
1660916145,"disk6",20704235.53,535.71
1660916160,"disk6",19287057.47,562.17
1660916175,"disk6",24953882.73,434.19
1660916190,"disk6",17452298.65,335.31
1660916205,"disk6",33024381.46,292.37
1660916220,"disk6",14648389.38,205.33
1660916235,"disk6",20831090.99,265.03
1660916250,"disk6",23169068.21,187.17
1660916265,"disk6",22668299.91,217.71
1660916280,"disk6",21656453.13,210.92
1660916295,"disk6",34954321.04,124.65
1660916310,"disk6",33462068.38,172.42
1660916325,"disk6",16983966.29,258.08
1660916340,"disk6",19351854.68,223.63
1660916355,"disk6",28164828.4,279.68
1660916370,"disk6",29203612.46,232.91
1660916385,"disk6",23241444.09,146.05
1660916400,"disk6",24471105.07,1391.08
1660916415,"disk6",24429038.23,174.65
1660916430,"disk6",21747824.89,185.92
1660916445,"disk6",29869111.91,189.57
1660916460,"disk6",28561477.6,121.63
1660916475,"disk6",22895351.32,164.49
1660916490,"disk6",19499898.74,407.81
1660916505,"disk6",22300478.91,168.14
1660916520,"disk6",23609834.4,144.09
1660916535,"disk6",31453303.2,196.69
1660916550,"disk6",23939234.4,237.4
1660916565,"disk6",25995935.46,196.62
1660916580,"disk6",31602658.11,177.18
1660916595,"disk6",23160618.68,374
1660916610,"disk6",19401957.43,357.29
1660916625,"disk6",21047359.74,156.52
1660916640,"disk6",26623821.56,190.95
1660916655,"disk6",37688906.38,218.57
1660916670,"disk6",33420722.91,226.16
1660916685,"disk6",24121511.21,168.1
1660916700,"disk6",25865421.67,128.93
1660916715,"disk6",32273651.94,181.87
1660916730,"disk6",28734916.68,108.05
1660916745,"disk6",24461593.66,152.61
1660916760,"disk6",38051660.63,152.69
1660916775,"disk6",28018947.99,NA
1660916790,"disk6",34404777.11,157.51
1660916805,"disk6",28926598.53,65.94
1660916820,"disk6",18811489.64,195.08
1660916835,"disk6",20511693.72,175.99
1660916850,"disk6",27396606.11,132.82
1660916865,"disk6",26067970.32,171.94
1660916880,"disk6",17997391.17,350.45
1660916895,"disk6",21723399.58,249.79
1660916910,"disk6",17997125.73,205.24
1660916925,"disk6",8670402.05,312.91
1660916940,"disk6",8703438.38,343.16
1660916955,"disk6",25447399.62,544.53
1660916970,"disk6",12930150.94,149.47
1660916985,"disk6",13396083.4,58.76
1660917000,"disk6",19310213.42,236.77
1660917015,"disk6",12417346.17,258.45
1660917030,"disk6",15131162.97,349.33
1660917045,"disk6",14047068.44,300.36
1660917060,"disk6",23866851.38,201.6
1660917075,"disk6",24015528.84,189.35
1660917090,"disk6",17658114.8,301.56
1660917105,"disk6",15982109.29,294.97
1660917120,"disk6",18850966.71,193.98
1660917135,"disk6",23340358.91,267.07
1660917150,"disk6",30161610.84,217.83
1660917165,"disk6",39602350.72,317.52
1660917180,"disk6",18880237.16,241.03
1660917195,"disk6",22160919.36,182.81
1660917210,"disk6",26775606.94,172.32
1660917225,"disk6",18518402.07,131.89
1660917240,"disk6",24392774.41,208.79
1660917255,"disk6",20022283.35,188.89
1660917270,"disk6",22480985.82,708.64
1660917285,"disk6",23064169.11,188.55
1660917300,"disk6",18869420.51,198.29
1660917315,"disk6",23659794.89,78.46
1660917330,"disk6",20521209.8,251.36
1660917345,"disk6",32880810.96,66
1660917360,"disk6",27007223.52,96.26
1660917375,"disk6",21489030.09,255.29
1660917390,"disk6",30173153.46,139.18
1660917405,"disk6",27599122.99,91.19
1660917420,"disk6",43430357.47,107.84
1660917435,"disk6",38549746.54,197.9
1660917450,"disk6",50575132.79,142.21
1660917465,"disk6",38455008.27,118.48
1660917480,"disk6",42335475.47,193.07
1660917495,"disk6",44369943.67,122.4
1660917510,"disk6",40649618.53,287.62
1660917525,"disk6",34142959.84,228.66
1660917540,"disk6",52207889.7,163.02
1660917555,"disk6",32190160.61,140.1
1660917570,"disk6",32036675.99,166.26
1660917585,"disk6",33971000.85,225.15
1660917600,"disk6",35484856.49,289.45
1660917615,"disk6",19195784.17,585.91
1660917630,"disk6",17066531.44,194.21
1660917645,"disk6",17303338.62,69.22
1660917660,"disk6",19132487.09,212.9
1660917675,"disk6",17606989.65,97.35
1660917690,"disk6",20500291.17,237.74
1660917705,"disk6",20108294.76,188.65
1660917720,"disk6",28590394.76,254.01
1660917735,"disk6",17126259.23,174.98
1660917750,"disk6",23147258.84,231.26
1660917765,"disk6",28314180.11,296.73
1660917780,"disk6",31930517.56,232.73
1660917795,"disk6",27787573.11,231.71
1660917810,"disk6",26829572.67,199.6
1660917825,"disk6",27433992.45,307.65
1660917840,"disk6",20644526.99,257.28
1660917855,"disk6",35699095.78,175.77
1660917870,"disk6",34723356.79,298.82
1660917885,"disk6",25644410.95,88.99
1660917900,"disk6",20043196.49,292.32
1660917915,"disk6",22197519.03,387.44
1660917930,"disk6",22581699.49,345.89
1660917945,"disk6",20167051.44,186.05
1660917960,"disk6",22578062.15,509.21
1660917975,"disk6",16493212.27,376.3
1660917990,"disk6",15819981.26,549.2
1660918005,"disk6",23554274.2,377.88
1660918020,"disk6",33279685.71,356.02
1660918035,"disk6",34800395.93,271.6
1660918050,"disk6",46213874.11,518.89
1660918065,"disk6",37470939.34,151.7
1660918080,"disk6",36417904.58,247.82
1660918095,"disk6",29460638.4,326.09
1660918110,"disk6",22857784.99,282.54
1660918125,"disk6",19340359.52,333.92
1660918140,"disk6",19105084.69,157.16
1660918155,"disk6",14409741.58,558.15
1660918170,"disk6",31790068.38,168.58
1660918185,"disk6",26675330.11,NA
1660918200,"disk6",26379575.96,136.1
1660918215,"disk6",34580771.9,178.83
1660918230,"disk6",28556409.41,165.57
1660918245,"disk6",19411893.2,113.6
1660918260,"disk6",23364025.34,79.3
1660918275,"disk6",20239928.99,268.15
1660918290,"disk6",19908396.42,274.98
1660918305,"disk6",20994388.15,116.78
1660918320,"disk6",16903828.28,128.89
1660918335,"disk6",19233613.48,208.64
1660918350,"disk6",32631618.74,225.72
1660918365,"disk6",29415869.37,400.22
1660918380,"disk6",29443708.54,254.3
1660918395,"disk6",38236635.05,220.08
1660918410,"disk6",22711616.94,313.84
1660918425,"disk6",34806046.83,186.03
1660918440,"disk6",36833901.04,382.35
1660918455,"disk6",31477483.93,334.57
1660918470,"disk6",35296717.18,222.52
1660918485,"disk6",34439098.13,173.71
1660918500,"disk6",17839201.9,185.79
1660918515,"disk6",18220670.64,195.53
1660918530,"disk6",29339067.34,204.5
1660918545,"disk6",37831186.51,181.31
1660918560,"disk6",48625878.48,174.63
1660918575,"disk6",36619024.82,157.35
1660918590,"disk6",44335338.1,237.69
1660918605,"disk6",35596816.77,96.76
1660918620,"disk6",27722996.13,330.36
1660918635,"disk6",27160745.82,307.54
1660918650,"disk6",29309151.46,578
1660918665,"disk6",34786316.45,367.7
1660918680,"disk6",25996784.15,317.48
1660918695,"disk6",17139808.19,245.66
1660918710,"disk6",30878897.72,234.89
1660918725,"disk6",32246234.87,209.71
1660918740,"disk6",19668618.52,191.49
1660918755,"disk6",21322436.27,123.13
1660918770,"disk6",24528177.11,239.97
1660918785,"disk6",23975033.24,208.48
1660918800,"disk6",32244291.76,69.43
1660918815,"disk6",27606236.38,307.13
1660918830,"disk6",33885747.57,375.01
1660918845,"disk6",22538162.5,279.42
1660918860,"disk6",21313787.74,116.21
1660918875,"disk6",29213917.33,192.99
1660918890,"disk6",26195301.04,165.23
1660918905,"disk6",31967598.84,226.79
1660918920,"disk6",45694354.96,190.07
1660918935,"disk6",19109919.66,161.61
1660918950,"disk6",32349902.66,185.59
1660918965,"disk6",22275049.33,184.54
1660918980,"disk6",23018620.13,143.13
1660918995,"disk6",27757464.55,198.62
1660919010,"disk6",21026240.34,328.34
1660919025,"disk6",36193245.77,324.41
1660919040,"disk6",39921014.45,365.4
1660919055,"disk6",41156525.31,362.86
1660919070,"disk6",40580136.93,179.04
1660919085,"disk6",29486920.07,274.74
1660919100,"disk6",43010202.26,376.11
1660919115,"disk6",31921804.13,270.79
1660919130,"disk6",22937371.86,352.81
1660919145,"disk6",37072468.37,362.21
1660919160,"disk6",37602301.31,184.43
1660919175,"disk6",23120153.72,151.56
1660919190,"disk6",19777575.38,250.28
1660919205,"disk6",19138312.21,NA
1660919220,"disk6",18291874.19,409.78
1660919235,"disk6",12976414.86,389.52
1660919250,"disk6",18505950.91,567.32
1660919265,"disk6",31953509.67,428.27
1660919280,"disk6",10430613.91,417.63
1660919295,"disk6",12250194.08,282.72
1660919310,"disk6",10222287.19,230.85
1660919325,"disk6",10599170.74,381.74
1660919340,"disk6",21668109.13,308.18
1660919355,"disk6",9523778.3,228.33
1660919370,"disk6",16072998.86,338.94
1660919385,"disk6",12822666.31,339.18
1660919400,"disk6",15123043.07,174.65
1660919415,"disk6",18416812.56,194.77
1660919430,"disk6",14814750.24,322.06
1660919445,"disk6",19595690.86,312.99
1660919460,"disk6",8466340.25,240.25
1660919475,"disk6",11827129.84,236.76
1660919490,"disk6",14094608.82,295.73
1660919505,"disk6",11098495.96,189.69
1660919520,"disk6",13855801.11,232.6
1660919535,"disk6",12775493.95,363.05
1660919550,"disk6",18962480.38,524.03
1660919565,"disk6",22434222.71,385.26
1660919580,"disk6",16593518.87,203.69
1660919595,"disk6",31656951.54,349.41
1660919610,"disk6",25019806.99,223.84
1660919625,"disk6",20483048,174.71
1660919640,"disk6",36394109.05,256.62
1660919655,"disk6",27627485.6,548.27
1660919670,"disk6",12911211.26,168.24
1660919685,"disk6",16665293.21,263.56
1660919700,"disk6",22761828.6,275.15
1660919715,"disk6",11056706.11,220.46
1660919730,"disk6",21031998.82,229.64
1660919745,"disk6",NA,258.99
1660919760,"disk6",27838703.93,169.23
1660919775,"disk6",17202923.22,368.63
1660919790,"disk6",13668401.75,350.93
1660919805,"disk6",13835050.6,791.45
1660919820,"disk6",15936398.15,339.95
1660919835,"disk6",22569612.8,393.37
1660919850,"disk6",22468880.25,376.26
1660919865,"disk6",17337175.34,312.87
1660919880,"disk6",17359854.95,153.52
1660919895,"disk6",32611365.58,NA
1660919910,"disk6",32352892.4,321.13
1660919925,"disk6",19540989.64,111.49
1660919940,"disk6",16051656.23,173.86
1660919955,"disk6",16483049.21,167.69
1660919970,"disk6",25138352.19,135
1660919985,"disk6",26913623.37,140.33
1660920000,"disk6",23129406.15,105.87
1660920015,"disk6",11078916.33,185.49
1660920030,"disk6",11959065.01,351.92
1660920045,"disk6",18442306.74,155.28
1660920060,"disk6",23046954.2,112.97
1660920075,"disk6",19495923.57,88.96
1660920090,"disk6",31893919.67,105.63
1660920105,"disk6",26886427.52,256.99
1660920120,"disk6",28812161.33,115.78
1660920135,"disk6",9558167.31,145.54
1660920150,"disk6",19077903.78,100.26
1660920165,"disk6",25675012.79,175.02
1660920180,"disk6",26322404.89,185.72
1660920195,"disk6",20143028.01,189.88
1660920210,"disk6",33427598.97,205.89
1660920225,"disk6",21363235.36,103.73
1660920240,"disk6",18463983.33,NA
1660920255,"disk6",32398105.58,85.15
1660920270,"disk6",25515387.95,113.58
1660920285,"disk6",16310254.87,137.66
1660920300,"disk6",17412555.92,109.16
1660920315,"disk6",14715095.22,95.52
1660920330,"disk6",17618730.44,171.33
1660920345,"disk6",21558382.84,242.65
1660920360,"disk6",NA,100.58
1660920375,"disk6",31611175.38,166.7
1660920390,"disk6",42511553.17,285.98
1660920405,"disk6",23327996.56,191.62
1660920420,"disk6",22139699.68,155.37
1660920435,"disk6",23397631.57,302.92
1660920450,"disk6",19551071.74,222.16
1660920465,"disk6",21021539.03,168.88
1660920480,"disk6",24548513.37,148.28
1660920495,"disk6",17894584.9,145.62
1660920510,"disk6",23888467.25,184.39
1660920525,"disk6",16285920.02,87.97
1660920540,"disk6",19399864.58,171.3
1660920555,"disk6",45856404.27,296.53
1660920570,"disk6",36671267.26,NA
1660920585,"disk6",24441423.56,133.48
1660920600,"disk6",20755144.82,401.6
1660920615,"disk6",32682013.04,114.34
1660920630,"disk6",20230963.18,131.44
1660920645,"disk6",23813923.82,157.13
1660920660,"disk6",20019187.55,182.39
1660920675,"disk6",17893085.88,160.1
1660920690,"disk6",21524497.72,172.96
1660920705,"disk6",24036444.44,297.76
1660920720,"disk6",13663386.15,270.77
1660920735,"disk6",21687468.21,140.38
1660920750,"disk6",30093994.54,205.35
1660920765,"disk6",25392993.19,114.42
1660920780,"disk6",19674415.89,127.14
1660920795,"disk6",19280689.89,159.88
1660920810,"disk6",20079529.34,195.33
1660920825,"disk6",18817854.53,158.5
1660920840,"disk6",30913437.32,115.66
1660920855,"disk6",38912472.94,101.77
1660920870,"disk6",32584683.8,132.61
1660920885,"disk6",18728793.6,183.25
1660920900,"disk6",20146251.23,172.2
1660920915,"disk6",23776628.54,234.72
1660920930,"disk6",29208636.29,362.43
1660920945,"disk6",27777391.32,214.39
1660920960,"disk6",22480656.62,64.89
1660920975,"disk6",20550767.7,150.61
1660920990,"disk6",18111018.48,189.53
1660921005,"disk6",18457351.62,213.95
1660921020,"disk6",16669237.44,224.62
1660921035,"disk6",24977454.4,269.47
1660921050,"disk6",31358499.89,207.01
1660921065,"disk6",42427359.74,215.15
1660921080,"disk6",37671691.23,164.54
1660921095,"disk6",27391201.31,258.57
1660921110,"disk6",16705137.88,190.74
1660921125,"disk6",19039488.34,128.92
1660921140,"disk6",34694193.64,139.24
1660921155,"disk6",39432827.35,90.49
1660921170,"disk6",17711711.88,94.72
1660921185,"disk6",19851964.23,128.82
1660921200,"disk6",17906699.78,152.71
1660921215,"disk6",21133915.82,454.68
1660921230,"disk6",26263337.58,673.65
1660921245,"disk6",18149769.9,379.65
1660921260,"disk6",29728390.09,243.24
1660921275,"disk6",19447930.07,180.71
1660921290,"disk6",27229374.4,195.22
1660921305,"disk6",14796675.7,144.45
1660921320,"disk6",13653892.9,154.2
1660921335,"disk6",16430714.11,203.41
1660921350,"disk6",14907634.54,269.33
1660921365,"disk6",16757302.52,138.9
1660921380,"disk6",19227224.19,228.31
1660921395,"disk6",26380150.99,130.41
1660921410,"disk6",18600704.62,133.49
1660921425,"disk6",18335487.68,387.93
1660921440,"disk6",17666957,437.78
1660921455,"disk6",29330771.19,193.68
1660921470,"disk6",20849016.11,175.62
1660921485,"disk6",26336471.3,328.97
1660921500,"disk6",24561412.43,157.93
1660921515,"disk6",14528189.07,176.01
1660921530,"disk6",16843009.8,210.02
1660921545,"disk6",16655526.86,265.05
1660921560,"disk6",19075942.75,250.32
1660921575,"disk6",19620584.18,244.43
1660921590,"disk6",30301758.02,141.1
1660921605,"disk6",25710754.79,198.35
1660921620,"disk6",14566295.5,276.9
1660921635,"disk6",23109291.13,278.8
1660921650,"disk6",31591685.28,175.94
1660921665,"disk6",15017768.03,183.43
1660921680,"disk6",12916153.75,145.98
1660921695,"disk6",25788456.65,204.44
1660921710,"disk6",17561475.3,395.5
1660921725,"disk6",38873025.38,427.76
1660921740,"disk6",34439179.97,271.18
1660921755,"disk6",16309248.32,138.55
1660921770,"disk6",13235648.91,188.51
1660921785,"disk6",11387085.6,104.25
1660921800,"disk6",8082788.73,270.9
1660921815,"disk6",12454342.48,303.18
1660921830,"disk6",27367467.5,124.28
1660921845,"disk6",28779482.77,141.5
1660921860,"disk6",16635906.41,249.89
1660921875,"disk6",17116279.77,205.59
1660921890,"disk6",13411647.68,124.19
1660921905,"disk6",19357241.64,192.24
1660921920,"disk6",13091403.92,208.93
1660921935,"disk6",16092261.52,162.06
1660921950,"disk6",22193659.82,170.6
1660921965,"disk6",23562474.38,210.63
1660921980,"disk6",14853165.64,255.11
1660921995,"disk6",16194692.64,383.91
1660922010,"disk6",12070292.59,424.02
1660922025,"disk6",19135146.14,272.01
1660922040,"disk6",25297871.23,192.38
1660922055,"disk6",11007218.31,347.16
1660922070,"disk6",21356342.07,345.87
1660922085,"disk6",16441614.84,563.95
1660922100,"disk6",26378191.09,183.64
1660922115,"disk6",20646004.79,215.56
1660922130,"disk6",23161136.25,174.09
1660922145,"disk6",14981273.07,188.79
1660922160,"disk6",12232228.54,319.71
1660922175,"disk6",20719102.76,240.55
1660922190,"disk6",21543479.11,286.38
1660922205,"disk6",30153630.52,158.71
1660922220,"disk6",32260114.52,358.37
1660922235,"disk6",17788547.63,137.69
1660922250,"disk6",15170133.84,132.17
1660922265,"disk6",33713420.7,147.38
1660922280,"disk6",17596441.32,124.22
1660922295,"disk6",22416293.73,180.34
1660922310,"disk6",26186100.2,149.94
1660922325,"disk6",12705493.51,212.54
1660922340,"disk6",13406588.65,446.01
1660922355,"disk6",10712267.73,148.78
1660922370,"disk6",14068288.34,160.62
1660922385,"disk6",39319875.53,168.39
1660922400,"disk6",15304908.75,349.57
1660922415,"disk6",13848389.13,161.09
1660922430,"disk6",14475917.1,196.77
1660922445,"disk6",19525946.42,286.81
1660922460,"disk6",23807374.64,220.92
1660922475,"disk6",26951167.44,279.03
1660922490,"disk6",13179220.05,159.53
1660922505,"disk6",21473662.32,202.38
1660922520,"disk6",33132258.27,141.47
1660922535,"disk6",26677419.28,163.34
1660922550,"disk6",23147742.58,282.1
1660922565,"disk6",19386217.62,229.5
1660922580,"disk6",10806434.42,121.4
1660922595,"disk6",11140771.32,200.14
1660922610,"disk6",10647532.62,289.16
1660922625,"disk6",9032785.36,228.28
1660922640,"disk6",8594764.25,152.34
1660922655,"disk6",11257344.74,318.07
1660922670,"disk6",24344202.99,193.66
1660922685,"disk6",14289679,309.42
1660922700,"disk6",12063941.19,160.12
1660922715,"disk6",21493785.15,472.31
1660922730,"disk6",25893918.07,273.86
1660922745,"disk6",22798118.44,158.26
1660922760,"disk6",10950053.43,108.15
1660922775,"disk6",25738532.89,178.75
1660922790,"disk6",27768000.03,129.76
1660922805,"disk6",26006290.51,102.02
1660922820,"disk6",15858979.65,179.42
1660922835,"disk6",14026536.81,208.44
1660922850,"disk6",16054481.48,135.2
1660922865,"disk6",30209797.24,133.1
1660922880,"disk6",30359469.37,118.11
1660922895,"disk6",17437272.32,178.4
1660922910,"disk6",13378038.36,118.07
1660922925,"disk6",18586589.58,137.85
1660922940,"disk6",11729795.75,192.09
1660922955,"disk6",29185702.91,257.92
1660922970,"disk6",33703986.87,141.85
1660922985,"disk6",26873065.11,224.41
1660923000,"disk6",24769194.79,129.63
1660923015,"disk6",28697456.98,NA
1660923030,"disk6",40086207.62,269.08
1660923045,"disk6",24300803.06,276.58
1660923060,"disk6",19248007.76,200.64
1660923075,"disk6",25713489.28,111.76
1660923090,"disk6",22018231.24,232.63
1660923105,"disk6",22185631.69,82.28
1660923120,"disk6",21818796.33,163.27
1660923135,"disk6",23054977.52,162.52
1660923150,"disk6",28935845.76,222.88
1660923165,"disk6",24864228.35,137.07
1660923180,"disk6",22988594.56,215.57
1660923195,"disk6",24409754.63,98.92
1660923210,"disk6",23562606.15,125.71
1660923225,"disk6",29499495.07,160.55
1660923240,"disk6",23778665.72,186.76
1660923255,"disk6",39028844.56,247.7
1660923270,"disk6",21174092.03,321.81
1660923285,"disk6",20348053.72,127.83
1660923300,"disk6",15297664.46,185.01
1660923315,"disk6",13812083.83,391.74
1660923330,"disk6",23678395.43,151.74
1660923345,"disk6",10912650.2,165.15
1660923360,"disk6",13292725.89,197.6
1660923375,"disk6",16465181.23,217.23
1660923390,"disk6",12687712.54,151.42
1660923405,"disk6",13583359.23,82.13
1660923420,"disk6",11948414.53,114.59
1660923435,"disk6",18695944.99,136.67
1660923450,"disk6",17594460.49,105.57
1660923465,"disk6",21924396.51,336.11
1660923480,"disk6",17388967.05,109.34
1660923495,"disk6",13564603.99,121.94
1660923510,"disk6",8348368.66,125.39
1660923525,"disk6",15632175.44,170.87
1660923540,"disk6",15843197.64,129.28
1660923555,"disk6",21913404.78,247.78
1660923570,"disk6",16414415.93,235.02
1660923585,"disk6",25328796.64,123.72
1660923600,"disk6",27777985.17,239.56
1660923615,"disk6",25015929.74,309.89
1660923630,"disk6",22948285.11,248.5
1660923645,"disk6",19846438.62,167.24
1660923660,"disk6",17399429.76,243.9
1660923675,"disk6",20079090.56,82.53
1660923690,"disk6",13886551.57,135.54
1660923705,"disk6",8972525.8,126.53
1660923720,"disk6",13716995.15,89.9
1660923735,"disk6",20804868.93,262.21
1660923750,"disk6",26334498,78.91
1660923765,"disk6",10410168.58,76.52
1660923780,"disk6",14244709.86,105.36
1660923795,"disk6",11419110.97,219.15
1660923810,"disk6",13219006.31,140.08
1660923825,"disk6",17655851.46,92.64
1660923840,"disk6",8959402.65,114.82
1660923855,"disk6",8940896.77,209.46
1660923870,"disk6",13602530.07,272.59
1660923885,"disk6",10804146.91,244.76
1660923900,"disk6",11949721.41,NA
1660923915,"disk6",12094800.17,245.25
1660923930,"disk6",15712165.3,202.98
1660923945,"disk6",NA,271.24
1660923960,"disk6",11795632.49,169.68
1660923975,"disk6",12357915.24,146.51
1660923990,"disk6",16806126.07,143.62
1660924005,"disk6",15188636.97,144.13
1660924020,"disk6",15598171.23,296.76
1660924035,"disk6",12148557.11,326.89
1660924050,"disk6",10616162.66,183.9
1660924065,"disk6",13685360.26,135.23
1660924080,"disk6",12557350.76,109.36
1660924095,"disk6",12165088.62,202.06
1660924110,"disk6",18016111.94,132.29
1660924125,"disk6",19752190.7,NA
1660924140,"disk6",18921506.62,235.18
1660924155,"disk6",24746392.31,319.23
1660924170,"disk6",26081289.56,255.08
1660924185,"disk6",23667393.19,231.04
1660924200,"disk6",25670535.63,217.04
1660924215,"disk6",24897048.03,348.2
1660924230,"disk6",22469484.75,190.12
1660924245,"disk6",14317296.81,171.98
1660924260,"disk6",13935354.15,170.43
1660924275,"disk6",13468944.41,101.92
1660924290,"disk6",15181955.36,225.94
1660924305,"disk6",18774988.47,120.77
1660924320,"disk6",29148753.07,150.5
1660924335,"disk6",42564442.57,180.28
1660924350,"disk6",31114734.01,201.02
1660924365,"disk6",15907791.83,176.74
1660924380,"disk6",14245530.98,241.71
1660924395,"disk6",15961274.01,274.55
1660924410,"disk6",15209743.94,217.94
1660924425,"disk6",17769095.5,114.23
1660924440,"disk6",34956909.64,230.69
1660924455,"disk6",27390837.42,200.2
1660924470,"disk6",35876590.18,208.42
1660924485,"disk6",30860573.88,268.18
1660924500,"disk6",34087811.87,248.12
1660924515,"disk6",25627885.82,289.91
1660924530,"disk6",14090765.15,418.03
1660924545,"disk6",16031644.11,272.13
1660924560,"disk6",14099081.29,175.66
1660924575,"disk6",17755175.03,191.94
1660924590,"disk6",13059749.6,113.72
1660924605,"disk6",16625644.47,477.95
1660924620,"disk6",14795604.45,187.54
1660924635,"disk6",16440738.94,257.65
1660924650,"disk6",15716756.69,110.49
1660924665,"disk6",NA,169.98
1660924680,"disk6",21711931.56,188.3
1660924695,"disk6",13932478.32,93.1
1660924710,"disk6",13888513.3,173.68
1660924725,"disk6",18365099.95,103.29
1660924740,"disk6",15166457.86,189.22
1660924755,"disk6",32222248.13,170.59
1660924770,"disk6",32065272.8,199.29
1660924785,"disk6",12678779.37,162.06
1660924800,"disk6",11228771.21,120.78
1660914015,"disk7",35547398.1,496.92
1660914030,"disk7",25341604.9,303.97
1660914045,"disk7",30241171.05,405.55
1660914060,"disk7",27594649.48,331.59
1660914075,"disk7",23238801.78,433.85
1660914090,"disk7",25664319.1,283.96
1660914105,"disk7",25256654.86,383.88
1660914120,"disk7",27589994.88,410.25
1660914135,"disk7",34137101.42,1112.49
1660914150,"disk7",33306754.06,392.12
1660914165,"disk7",27705761.05,437.17
1660914180,"disk7",23911168.74,293.24
1660914195,"disk7",34526934.74,831.41
1660914210,"disk7",28769359.92,320.36
1660914225,"disk7",25262754.52,242.63
1660914240,"disk7",26054457.97,195.63
1660914255,"disk7",30058484.78,314
1660914270,"disk7",30468799.65,280.32
1660914285,"disk7",24226410.4,403.36
1660914300,"disk7",26746475.15,227.91
1660914315,"disk7",18384416.58,284.89
1660914330,"disk7",19701907.6,151.49
1660914345,"disk7",20936624.58,418.26
1660914360,"disk7",13395544.01,270.75
1660914375,"disk7",12911960.14,509.39
1660914390,"disk7",19372289.25,168.53
1660914405,"disk7",18155937.91,383.75
1660914420,"disk7",21213803.46,234.49
1660914435,"disk7",27726769.68,390
1660914450,"disk7",25139746.31,268.64
1660914465,"disk7",32364003.21,95.18
1660914480,"disk7",16434320.34,361.84
1660914495,"disk7",18808017.31,333.72
1660914510,"disk7",24591002.09,460.82
1660914525,"disk7",27175911.59,347.42
1660914540,"disk7",30057489.43,671.27
1660914555,"disk7",43365640.21,366.2
1660914570,"disk7",39745407.21,401.78
1660914585,"disk7",59121398.96,373.12
1660914600,"disk7",52074040.58,555.54
1660914615,"disk7",42579396.83,447.58
1660914630,"disk7",45377572.93,942.31
1660914645,"disk7",43063321.35,760.22
1660914660,"disk7",24126226.13,525.48
1660914675,"disk7",24104545.08,634.97
1660914690,"disk7",15326462.23,970.54
1660914705,"disk7",18143847.57,379.29
1660914720,"disk7",24472927.71,346.63
1660914735,"disk7",25793980.42,269.01
1660914750,"disk7",31355188.48,278.28
1660914765,"disk7",41892646.89,377.95
1660914780,"disk7",38632211.38,254.3
1660914795,"disk7",31960915.98,393.79
1660914810,"disk7",28887999.6,508.81
1660914825,"disk7",38794995.78,199.32
1660914840,"disk7",42481065.96,680.15
1660914855,"disk7",22954028.13,426.61
1660914870,"disk7",26781691.22,546.92
1660914885,"disk7",36960988.46,513.82
1660914900,"disk7",41646086.69,530.09
1660914915,"disk7",43845697.31,234.06
1660914930,"disk7",44614907.07,297.37
1660914945,"disk7",34475406.06,650.16
1660914960,"disk7",40830697.36,566.44
1660914975,"disk7",41586732.37,1045.82
1660914990,"disk7",35648698.5,1036.1
1660915005,"disk7",44019207.19,429.81
1660915020,"disk7",47714735.76,117.44
1660915035,"disk7",39678130.07,1767.04
1660915050,"disk7",32742667.08,634.17
1660915065,"disk7",33892660.55,528.11
1660915080,"disk7",37138361.27,525.24
1660915095,"disk7",32084524.56,565.97
1660915110,"disk7",29575306.77,566.33
1660915125,"disk7",30852670.38,338.29
1660915140,"disk7",31993524.11,166.69
1660915155,"disk7",28292105.12,379.09
1660915170,"disk7",33192305.21,406.71
1660915185,"disk7",40866339.97,370.89
1660915200,"disk7",55192401.14,309.34
1660915215,"disk7",58443899.88,423.7
1660915230,"disk7",38998825.5,288.93
1660915245,"disk7",45421381.02,399.63
1660915260,"disk7",38522822.27,242.17
1660915275,"disk7",39459531.99,260.82
1660915290,"disk7",28379031.58,432.26
1660915305,"disk7",31384120.25,499.95
1660915320,"disk7",29722252.66,343.25
1660915335,"disk7",32299900.05,684.67
1660915350,"disk7",34916043.14,705.1
1660915365,"disk7",32643908.57,311.39
1660915380,"disk7",49602710.5,510.68
1660915395,"disk7",38100051.78,1355.51
1660915410,"disk7",35897587.4,420.26
1660915425,"disk7",40136143.68,825.43
1660915440,"disk7",48553545.47,285.97
1660915455,"disk7",53840118.74,356.97
1660915470,"disk7",31165107.55,287.22
1660915485,"disk7",28423958.19,440.6
1660915500,"disk7",33612226.63,65.56
1660915515,"disk7",31526482.22,406.67
1660915530,"disk7",38312492.91,391.77
1660915545,"disk7",35086916.1,202.09
1660915560,"disk7",32565885.23,90.89
1660915575,"disk7",26119304.78,1161.42
1660915590,"disk7",25098472.33,523.34
1660915605,"disk7",21147542.21,409.54
1660915620,"disk7",20693786.74,770.12
1660915635,"disk7",21672160.97,464.52
1660915650,"disk7",27374649.76,838.39
1660915665,"disk7",18482707.09,467.91
1660915680,"disk7",24653519.93,285.7
1660915695,"disk7",32020896.02,342.02
1660915710,"disk7",35845646.67,337.88
1660915725,"disk7",40674240.74,149.45
1660915740,"disk7",39785685,654.41
1660915755,"disk7",31239293.21,958.67
1660915770,"disk7",29494495.18,780.54
1660915785,"disk7",39107601.25,250.83
1660915800,"disk7",43612553.02,300.93
1660915815,"disk7",41900329.6,308.65
1660915830,"disk7",19029995.15,252.97
1660915845,"disk7",21429512.17,559.97
1660915860,"disk7",28225488.25,192.58
1660915875,"disk7",19212152.64,172.8
1660915890,"disk7",19985754.33,206.26
1660915905,"disk7",23170135.44,229.45
1660915920,"disk7",21651277.07,395
1660915935,"disk7",22006158.68,189.07
1660915950,"disk7",36384077.27,316.63
1660915965,"disk7",37005684.37,397.97
1660915980,"disk7",40624333.31,473.86
1660915995,"disk7",41410593.67,832.62
1660916010,"disk7",40671697.83,745.36
1660916025,"disk7",22351122.5,396.57
1660916040,"disk7",26180752,306.65
1660916055,"disk7",25387987.03,577.86
1660916070,"disk7",25917358.23,913.19
1660916085,"disk7",17000790.15,471.1
1660916100,"disk7",16963977.09,322.65
1660916115,"disk7",20491601.44,334.87
1660916130,"disk7",18358897.7,367.77
1660916145,"disk7",23123626.22,286.24
1660916160,"disk7",18910678.34,357.77
1660916175,"disk7",23078975.87,743.73
1660916190,"disk7",23782407.31,364.93
1660916205,"disk7",23695608.5,185
1660916220,"disk7",21318670.5,499.51
1660916235,"disk7",19664251.56,478.34
1660916250,"disk7",15800522.46,526.4
1660916265,"disk7",14996452.45,386
1660916280,"disk7",14213371.37,622.51
1660916295,"disk7",20008138.57,388.37
1660916310,"disk7",24416669.17,305.66
1660916325,"disk7",31150263.39,413.22
1660916340,"disk7",41763992.54,272.02
1660916355,"disk7",37127126.09,124.49
1660916370,"disk7",37174419.44,202.25
1660916385,"disk7",25959186.17,266.36
1660916400,"disk7",31842871.54,246.83
1660916415,"disk7",27334525.01,227.92
1660916430,"disk7",27822204.89,210.09
1660916445,"disk7",28784348.97,200.14
1660916460,"disk7",28863351.91,342.8
1660916475,"disk7",27165420.51,263.28
1660916490,"disk7",23913394.66,335.89
1660916505,"disk7",28024745.23,275.89
1660916520,"disk7",22099064.86,218.11
1660916535,"disk7",27028404.64,227.28
1660916550,"disk7",16830301.99,190.75
1660916565,"disk7",23682882.5,232.54
1660916580,"disk7",23800010.47,149.97
1660916595,"disk7",36770985.67,153.87
1660916610,"disk7",24932359.09,171.35
1660916625,"disk7",29753284.44,307.69
1660916640,"disk7",25701155.93,519.36
1660916655,"disk7",25824152.34,414.27
1660916670,"disk7",28668984.62,503.64
1660916685,"disk7",33524662.47,222.61
1660916700,"disk7",37516853,112.61
1660916715,"disk7",34775566.53,292.39
1660916730,"disk7",27471877.68,220.62
1660916745,"disk7",28824468.94,293.21
1660916760,"disk7",26155534.43,403.58
1660916775,"disk7",30081205.27,492.67
1660916790,"disk7",27500752.84,296.2
1660916805,"disk7",33781597.54,175.11
1660916820,"disk7",43408930.5,270
1660916835,"disk7",35329507.64,364.46
1660916850,"disk7",37748647.91,198.7
1660916865,"disk7",37619758.7,341.47
1660916880,"disk7",30771737.5,246.25
1660916895,"disk7",31245069.17,379.46
1660916910,"disk7",26881330.05,153.51
1660916925,"disk7",37518078.58,332.79
1660916940,"disk7",31252760.54,183.66
1660916955,"disk7",36110134.57,446.33
1660916970,"disk7",40022406.27,199.08
1660916985,"disk7",63804925.8,123.98
1660917000,"disk7",53175427.15,259.76
1660917015,"disk7",36728014.48,200.96
1660917030,"disk7",35112434.59,174.69
1660917045,"disk7",25773256.85,278.03
1660917060,"disk7",21614850.69,286.63
1660917075,"disk7",23790414.42,404.83
1660917090,"disk7",25466690.42,1110.68
1660917105,"disk7",18357876.98,221.25
1660917120,"disk7",20587453.3,316.28
1660917135,"disk7",17369389.8,207.15
1660917150,"disk7",17489495.17,219.81
1660917165,"disk7",23866751.68,266.35
1660917180,"disk7",19168652.68,292.55
1660917195,"disk7",18161948.01,571.2
1660917210,"disk7",18055883.82,389.08
1660917225,"disk7",16551370.6,135.07
1660917240,"disk7",19554572.52,906.94
1660917255,"disk7",14917191.72,548.74
1660917270,"disk7",32316146.6,376.89
1660917285,"disk7",21729103.6,327.43
1660917300,"disk7",24296614.78,221.44
1660917315,"disk7",14953071.43,492.64
1660917330,"disk7",13826501.58,133.65
1660917345,"disk7",14926325.31,244.75
1660917360,"disk7",15730890.55,189.23
1660917375,"disk7",18228107.68,290.81
1660917390,"disk7",19590643.92,410.14
1660917405,"disk7",36818636.93,127.89
1660917420,"disk7",34541443.34,1226.37
1660917435,"disk7",32886187,922.48
1660917450,"disk7",19526361.97,981.13
1660917465,"disk7",19394483.74,151.3
1660917480,"disk7",26689122.29,600.4
1660917495,"disk7",25594652.97,384.23
1660917510,"disk7",27869834.05,307.48
1660917525,"disk7",22148897.19,234
1660917540,"disk7",31274010.76,477.78
1660917555,"disk7",30238984.45,204.26
1660917570,"disk7",20665411.1,267.88
1660917585,"disk7",18458142.57,216.94
1660917600,"disk7",13133215.66,389.46
1660917615,"disk7",18367207.88,661.27
1660917630,"disk7",15288286.11,258.31
1660917645,"disk7",17838030.24,282.27
1660917660,"disk7",19824971.56,224.86
1660917675,"disk7",14587800.91,101.92
1660917690,"disk7",15042607.42,380.52
1660917705,"disk7",12191485.49,192.92
1660917720,"disk7",15361690.03,172.62
1660917735,"disk7",10900252.11,133.93
1660917750,"disk7",16142531.69,423.09
1660917765,"disk7",14542266.85,392.22
1660917780,"disk7",13624330.77,390.35
1660917795,"disk7",16728751.17,192.86
1660917810,"disk7",19485974.94,182.57
1660917825,"disk7",27797517.74,138.66
1660917840,"disk7",17441336.63,164.38
1660917855,"disk7",39511553.67,189.91
1660917870,"disk7",25846259.5,226.62
1660917885,"disk7",23453091.7,192.84
1660917900,"disk7",21867624.42,609.9
1660917915,"disk7",30638099.97,362.58
1660917930,"disk7",14916692.92,305.36
1660917945,"disk7",19417914.41,455.99
1660917960,"disk7",23078654.32,278.3
1660917975,"disk7",21651100.09,135.37
1660917990,"disk7",12944406.79,304.24
1660918005,"disk7",18841959.32,274.73
1660918020,"disk7",15746923.19,268.24
1660918035,"disk7",36736174.21,459.48
1660918050,"disk7",28635739.27,393.88
1660918065,"disk7",34129529.4,276.49
1660918080,"disk7",20908399.36,321.47
1660918095,"disk7",18083846.41,222.19
1660918110,"disk7",17519914.01,224.91
1660918125,"disk7",24918425.89,143.25
1660918140,"disk7",23184544.13,349.69
1660918155,"disk7",20271966.22,273.88
1660918170,"disk7",21870279.82,225.26
1660918185,"disk7",19885791.65,141.5
1660918200,"disk7",22145657.94,224.05
1660918215,"disk7",20154241.95,154.7
1660918230,"disk7",17861364.93,294.81
1660918245,"disk7",23420067.27,534.01
1660918260,"disk7",27893914.4,479.52
1660918275,"disk7",20091417.21,166.6
1660918290,"disk7",17925810.64,141.54
1660918305,"disk7",21284682.15,266.92
1660918320,"disk7",21497987.63,216.88
1660918335,"disk7",17783113.49,250.21
1660918350,"disk7",19153713.18,218.78
1660918365,"disk7",34156269.18,136.27
1660918380,"disk7",16192928.23,202.02
1660918395,"disk7",15318339.88,194.27
1660918410,"disk7",22929725.71,304.22
1660918425,"disk7",22889406.66,151.2
1660918440,"disk7",15214839.02,366.04
1660918455,"disk7",19096568.36,271.68
1660918470,"disk7",14781809.36,349.13
1660918485,"disk7",14125342.72,219.55
1660918500,"disk7",15956404.59,427.54
1660918515,"disk7",28110894.34,158.57
1660918530,"disk7",13910799.85,311.31
1660918545,"disk7",19238353.52,259.79
1660918560,"disk7",30776181.13,270.27
1660918575,"disk7",31742614.21,111.04
1660918590,"disk7",30883799.38,188.25
1660918605,"disk7",30028428.74,153.67
1660918620,"disk7",19571396.09,146.92
1660918635,"disk7",17933601.4,499.93
1660918650,"disk7",19373674.19,253.37
1660918665,"disk7",7133658.21,387.99
1660918680,"disk7",21307280.58,232.76
1660918695,"disk7",20084774.14,198.16
1660918710,"disk7",11844503.94,128.78
1660918725,"disk7",14200103.92,262.21
1660918740,"disk7",11680556.7,325.47
1660918755,"disk7",11819607.68,252.36
1660918770,"disk7",12508955.95,284.85
1660918785,"disk7",12028852.46,388.16
1660918800,"disk7",16448100.78,385.1
1660918815,"disk7",16579351.58,222
1660918830,"disk7",31815039.57,233.17
1660918845,"disk7",34930278.56,292.27
1660918860,"disk7",44187942.46,159.28
1660918875,"disk7",31251570.65,191.1
1660918890,"disk7",21013678.23,223.97
1660918905,"disk7",22253771.1,361.5
1660918920,"disk7",17683773.56,172.5
1660918935,"disk7",15409435.87,145.38
1660918950,"disk7",16193384.48,237.45
1660918965,"disk7",16129290.3,199.05
1660918980,"disk7",15203505.75,473.87
1660918995,"disk7",19351437.93,302.75
1660919010,"disk7",24439898.63,151.07
1660919025,"disk7",33117723.55,807.39
1660919040,"disk7",26971083.62,187.88
1660919055,"disk7",19042197.52,151.63
1660919070,"disk7",36320187.78,239.14
1660919085,"disk7",35614438.09,302.04
1660919100,"disk7",21458314.09,120.1
1660919115,"disk7",16878170.38,189.89
1660919130,"disk7",17634273.41,180.58
1660919145,"disk7",14198203.44,149.34
1660919160,"disk7",15849039.88,120.04
1660919175,"disk7",18459314.46,305.98
1660919190,"disk7",20641113.4,175.2
1660919205,"disk7",18417731.15,230.78
1660919220,"disk7",18606987.5,351.1
1660919235,"disk7",22570469.11,268.95
1660919250,"disk7",22978159.15,275.04
1660919265,"disk7",23485153.3,489.46
1660919280,"disk7",23248702.26,461.18
1660919295,"disk7",30124265.01,243.78
1660919310,"disk7",47018182.64,244.7
1660919325,"disk7",31994946.16,57.71
1660919340,"disk7",28066918.38,206.89
1660919355,"disk7",22845637.48,197.91
1660919370,"disk7",19170642.11,92.16
1660919385,"disk7",19079368.77,157.9
1660919400,"disk7",22830450.92,93.52
1660919415,"disk7",36392113.17,127.37
1660919430,"disk7",28159383.02,155.95
1660919445,"disk7",32403584.66,178.46
1660919460,"disk7",18095682.5,128.36
1660919475,"disk7",17719983.92,116.58
1660919490,"disk7",27708401.39,150.83
1660919505,"disk7",15919033.76,177.83
1660919520,"disk7",14967550.73,278.6
1660919535,"disk7",19238264.56,119.7
1660919550,"disk7",15507910.79,455.75
1660919565,"disk7",17179079.27,355.47
1660919580,"disk7",25920772.28,541.22
1660919595,"disk7",27709549.64,356.19
1660919610,"disk7",20856424.43,201.25
1660919625,"disk7",20211555.36,343.41
1660919640,"disk7",24013377.89,164.6
1660919655,"disk7",18439265.48,198.42
1660919670,"disk7",13650126.87,178.19
1660919685,"disk7",15784938.54,103.67
1660919700,"disk7",18954120.35,157.44
1660919715,"disk7",16362930.15,179.13
1660919730,"disk7",23172319.38,129.16
1660919745,"disk7",19314066.3,182.36
1660919760,"disk7",17029436.64,210.38
1660919775,"disk7",21658632.94,491.61
1660919790,"disk7",17552966.21,245.54
1660919805,"disk7",23462543.89,180.2
1660919820,"disk7",35918779.36,575.33
1660919835,"disk7",19368721.56,301.74
1660919850,"disk7",34177680.38,203.42
1660919865,"disk7",28947500.45,186.93
1660919880,"disk7",42279061.81,213.06
1660919895,"disk7",49276524.19,135.73
1660919910,"disk7",32159751.27,117.75
1660919925,"disk7",33412258.66,148.05
1660919940,"disk7",22039829.01,150.67
1660919955,"disk7",19500819.82,182.05
1660919970,"disk7",22198375.73,183.74
1660919985,"disk7",39883309.25,169.77
1660920000,"disk7",36508931.88,187.49
1660920015,"disk7",40389314,200.05
1660920030,"disk7",31067469.35,156.57
1660920045,"disk7",39480202.51,249.6
1660920060,"disk7",35511207.38,358.47
1660920075,"disk7",38003714.61,620.16
1660920090,"disk7",29334468.71,410.17
1660920105,"disk7",27824688.62,607.42
1660920120,"disk7",34699410.93,256.96
1660920135,"disk7",45407364.77,175.85
1660920150,"disk7",31537435.38,162.45
1660920165,"disk7",25326226.52,223.82
1660920180,"disk7",26179372.05,406.55
1660920195,"disk7",24126148.48,297.21
1660920210,"disk7",24183766.13,407.9
1660920225,"disk7",19101343.22,195.23
1660920240,"disk7",14019312.22,179.67
1660920255,"disk7",18326484.48,125.07
1660920270,"disk7",15092942.95,172.96
1660920285,"disk7",28091865.71,142.94
1660920300,"disk7",29154520.98,144.11
1660920315,"disk7",21148012.03,149.74
1660920330,"disk7",13322225.55,122.61
1660920345,"disk7",14638778.82,131.23
1660920360,"disk7",15532339.21,122.33
1660920375,"disk7",11595072.47,220.78
1660920390,"disk7",15735683.07,205.89
1660920405,"disk7",11203131.22,248.98
1660920420,"disk7",16668512.58,277.37
1660920435,"disk7",24231864.67,596.34
1660920450,"disk7",15395367.8,209.11
1660920465,"disk7",16371914.34,168.4
1660920480,"disk7",20897128.4,85.67
1660920495,"disk7",28072305.37,131.87
1660920510,"disk7",14443123.83,157.29
1660920525,"disk7",10447792,275.34
1660920540,"disk7",13115921.31,265.04
1660920555,"disk7",15186588.36,214.27
1660920570,"disk7",24277249.93,167.82
1660920585,"disk7",23939878.32,347.82
1660920600,"disk7",36607888.97,141.93
1660920615,"disk7",28568384.15,205.62
1660920630,"disk7",14396284.95,370.7
1660920645,"disk7",15312597.47,132.51
1660920660,"disk7",26099000.37,457.1
1660920675,"disk7",20019451.32,422.19
1660920690,"disk7",18441201.16,921.18
1660920705,"disk7",18994826.4,1182.37
1660920720,"disk7",16700739.71,291.29
1660920735,"disk7",14895372.21,399.51
1660920750,"disk7",17250998.47,190.35
1660920765,"disk7",10815921.83,161.86
1660920780,"disk7",20200415.99,146.58
1660920795,"disk7",37904329.49,157.73
1660920810,"disk7",19802386.68,428.94
1660920825,"disk7",26687397.1,258.79
1660920840,"disk7",11271822.24,797.32
1660920855,"disk7",13772288.96,363.14
1660920870,"disk7",16992456.32,412.8
1660920885,"disk7",25531856.01,252.54
1660920900,"disk7",33538919.86,460.34
1660920915,"disk7",18343562.95,289.31
1660920930,"disk7",15193739.88,290.91
1660920945,"disk7",11965285.25,421.14
1660920960,"disk7",13780639.91,468.96
1660920975,"disk7",19700914.52,353.03
1660920990,"disk7",12576566.58,239.74
1660921005,"disk7",11828095.79,125.75
1660921020,"disk7",20117989,199.99
1660921035,"disk7",27915997.24,236.77
1660921050,"disk7",16704961.85,366.86
1660921065,"disk7",16448757.05,237.08
1660921080,"disk7",14655096.17,98.74
1660921095,"disk7",13930796.74,231.88
1660921110,"disk7",15818955.05,134.93
1660921125,"disk7",11632365.52,193.69
1660921140,"disk7",15495165.57,675.08
1660921155,"disk7",22342172.89,257.76
1660921170,"disk7",35921146.11,141.71
1660921185,"disk7",44353688.9,170.92
1660921200,"disk7",27830066.17,198.07
1660921215,"disk7",14789388.23,125.89
1660921230,"disk7",18236625.11,171.77
1660921245,"disk7",18209984.42,463.74
1660921260,"disk7",19708447.24,304.54
1660921275,"disk7",31495262.84,196.95
1660921290,"disk7",18643510.38,141.62
1660921305,"disk7",33889452.26,355.06
1660921320,"disk7",23635790.21,329.29
1660921335,"disk7",24194143.76,162.99
1660921350,"disk7",28401794.33,182.3
1660921365,"disk7",26024565.4,438.44
1660921380,"disk7",21473955.34,240.07
1660921395,"disk7",19891023.03,89.06
1660921410,"disk7",22713054.01,162.69
1660921425,"disk7",25907169.77,152.93
1660921440,"disk7",23902513.8,231.53
1660921455,"disk7",36619675.5,273.53
1660921470,"disk7",32538363.89,403.99
1660921485,"disk7",29343374.76,452.85
1660921500,"disk7",28270054.34,146.53
1660921515,"disk7",23054935.84,139.29
1660921530,"disk7",27754195.55,247.76
1660921545,"disk7",36231655.85,145.04
1660921560,"disk7",27062934.75,263.34
1660921575,"disk7",22539901.14,225.09
1660921590,"disk7",21601632.29,152.41
1660921605,"disk7",28626126.3,132.13
1660921620,"disk7",33670590.42,153.34
1660921635,"disk7",19947919.6,78.3
1660921650,"disk7",17383754.24,161.45
1660921665,"disk7",19872176,306.78
1660921680,"disk7",21971244.11,658.88
1660921695,"disk7",18744461.44,214.88
1660921710,"disk7",19778689.21,72.15
1660921725,"disk7",18370500.2,102.18
1660921740,"disk7",15987530.16,114.25
1660921755,"disk7",16936169.46,206.86
1660921770,"disk7",18013339.09,416.74
1660921785,"disk7",26905249.21,922.96
1660921800,"disk7",41411869.5,147.63
1660921815,"disk7",43426264.11,119.18
1660921830,"disk7",33353835.56,237.67
1660921845,"disk7",26768527.52,211.26
1660921860,"disk7",17151510.51,114.96
1660921875,"disk7",25756748.21,146.9
1660921890,"disk7",22280799.36,175.55
1660921905,"disk7",13499193.73,241.75
1660921920,"disk7",11939372.77,102.83
1660921935,"disk7",14358719.89,118.42
1660921950,"disk7",13749536.3,150.47
1660921965,"disk7",15302002.42,414.13
1660921980,"disk7",14756827.44,195.06
1660921995,"disk7",15240123.05,138.26
1660922010,"disk7",16499857.72,149.26
1660922025,"disk7",15216587.66,90.22
1660922040,"disk7",18198723.21,104.32
1660922055,"disk7",12987045.66,75.76
1660922070,"disk7",17877232,204.42
1660922085,"disk7",15244296.9,192.72
1660922100,"disk7",14319768.23,300.77
1660922115,"disk7",16837670.62,579.58
1660922130,"disk7",26172946.48,293.61
1660922145,"disk7",17625297.82,158.57
1660922160,"disk7",25742461.69,242.12
1660922175,"disk7",28770889.42,187.1
1660922190,"disk7",18014299.23,217.64
1660922205,"disk7",12652039.6,276.9
1660922220,"disk7",13645115.65,142.06
1660922235,"disk7",9045472.9,250.98
1660922250,"disk7",9626462.4,270.38
1660922265,"disk7",8708424.67,178.14
1660922280,"disk7",25339013.08,244.62
1660922295,"disk7",40265668.4,338.68
1660922310,"disk7",31014158.29,251.79
1660922325,"disk7",17761462.97,154.9
1660922340,"disk7",8526466.11,136.61
1660922355,"disk7",8332207.61,175.95
1660922370,"disk7",5879480.82,194.56
1660922385,"disk7",8106092.94,194.01
1660922400,"disk7",23519083.03,307.05
1660922415,"disk7",27813078.97,374.26
1660922430,"disk7",18386843.96,350.68
1660922445,"disk7",11417976.46,219.82
1660922460,"disk7",18023089.22,209.96
1660922475,"disk7",19247610.87,137.04
1660922490,"disk7",20190459.95,235.75
1660922505,"disk7",24736403.05,329.33
1660922520,"disk7",13513330.7,189.28
1660922535,"disk7",24912556.82,188.15
1660922550,"disk7",27406916.5,131.55
1660922565,"disk7",21584651.49,353.32
1660922580,"disk7",9890998.22,314.49
1660922595,"disk7",13429068.68,132.8
1660922610,"disk7",16857505.08,121.04
1660922625,"disk7",20236740.71,189.41
1660922640,"disk7",24176238.54,165.74
1660922655,"disk7",19991002.97,193.68
1660922670,"disk7",8966115.86,201.89
1660922685,"disk7",16351494.84,573.56
1660922700,"disk7",11671769.68,131.92
1660922715,"disk7",11047324.61,105.89
1660922730,"disk7",8849918.99,104.75
1660922745,"disk7",19458918.87,142.33
1660922760,"disk7",29159154.96,167
1660922775,"disk7",16664873.85,202.49
1660922790,"disk7",8426122.54,448.88
1660922805,"disk7",16522771.31,552.99
1660922820,"disk7",12647803.82,379.7
1660922835,"disk7",9794641.96,254.38
1660922850,"disk7",8831281.28,145.73
1660922865,"disk7",15228657.85,224.25
1660922880,"disk7",28067024.25,285.17
1660922895,"disk7",15203780.69,127.86
1660922910,"disk7",13682487.62,82.17
1660922925,"disk7",15737967.54,143.5
1660922940,"disk7",12490282.78,127.8
1660922955,"disk7",16022467.8,136.55
1660922970,"disk7",8468585.23,115.86
1660922985,"disk7",12478519.95,262.8
1660923000,"disk7",15596465.09,110.85
1660923015,"disk7",33036967.46,96.85
1660923030,"disk7",17180079.96,453.41
1660923045,"disk7",14180647.36,370.09
1660923060,"disk7",16342673.58,229.63
1660923075,"disk7",32093343.78,128.65
1660923090,"disk7",10039012.07,138.27
1660923105,"disk7",22409537.19,80.39
1660923120,"disk7",18936708.24,113.67
1660923135,"disk7",9744479.58,109.12
1660923150,"disk7",13542340.69,147.28
1660923165,"disk7",16222938.48,157.68
1660923180,"disk7",21658655.76,319.66
1660923195,"disk7",23517870.08,130.41
1660923210,"disk7",20602301.83,258.34
1660923225,"disk7",12420023.64,207.16
1660923240,"disk7",16273706.4,157.98
1660923255,"disk7",27128259.48,101.8
1660923270,"disk7",31841899.41,172.42
1660923285,"disk7",40277589.3,78.06
1660923300,"disk7",12677553.26,73
1660923315,"disk7",15899929.95,73.83
1660923330,"disk7",21605946.95,234.2
1660923345,"disk7",12783111.78,217.62
1660923360,"disk7",13625975.38,427.93
1660923375,"disk7",13533268.56,312.74
1660923390,"disk7",10194199.32,257.08
1660923405,"disk7",13463392.93,208.37
1660923420,"disk7",27769636.44,68.43
1660923435,"disk7",23106976.34,118.22
1660923450,"disk7",20611565.34,91.89
1660923465,"disk7",21820325.58,78.43
1660923480,"disk7",13428889.92,203.98
1660923495,"disk7",20012048.02,288.3
1660923510,"disk7",34602907.3,162.24
1660923525,"disk7",28327950.5,152.4
1660923540,"disk7",7372905.29,361.73
1660923555,"disk7",7096437.31,120
1660923570,"disk7",7913766.12,196.67
1660923585,"disk7",13024287.79,178.28
1660923600,"disk7",26759967.66,266.47
1660923615,"disk7",23174222.17,102.25
1660923630,"disk7",26648888.43,271.86
1660923645,"disk7",14760865.96,286.83
1660923660,"disk7",7300122.36,296.23
1660923675,"disk7",12223696.71,187.64
1660923690,"disk7",7137814.74,415.44
1660923705,"disk7",13409781.41,107.99
1660923720,"disk7",17669004.97,95.85
1660923735,"disk7",22085950.5,195.38
1660923750,"disk7",14757658.46,134.41
1660923765,"disk7",19036211.44,199.63
1660923780,"disk7",23967665.14,219.94
1660923795,"disk7",9199310.15,93.17
1660923810,"disk7",15713752.45,159.87
1660923825,"disk7",20778700.39,189.79
1660923840,"disk7",10838983.71,77.99
1660923855,"disk7",11317057.35,75.96
1660923870,"disk7",12170095.83,136.39
1660923885,"disk7",11060309.84,155.03
1660923900,"disk7",12697946.68,262.58
1660923915,"disk7",8974506.47,177.96
1660923930,"disk7",11937805.36,60.2
1660923945,"disk7",8497209.61,246.45
1660923960,"disk7",9620021.31,113.72
1660923975,"disk7",17346285.03,167.74
1660923990,"disk7",24905498.58,101.04
1660924005,"disk7",28435216.94,115.95
1660924020,"disk7",30218884.03,116.23
1660924035,"disk7",20169072.05,232.02
1660924050,"disk7",30632118.52,134.65
1660924065,"disk7",21065350.36,134.23
1660924080,"disk7",12033634.05,107.86
1660924095,"disk7",28380865.17,131.55
1660924110,"disk7",16034864.03,180.56
1660924125,"disk7",22384447.94,135.14
1660924140,"disk7",12786436.74,198.46
1660924155,"disk7",12182629.16,94.36
1660924170,"disk7",9790582.09,96.19
1660924185,"disk7",18904682.53,590.04
1660924200,"disk7",27531313.5,347.39
1660924215,"disk7",27906163.12,169.94
1660924230,"disk7",12272950.4,119.57
1660924245,"disk7",17887195.7,253.81
1660924260,"disk7",13384848.6,152.92
1660924275,"disk7",10662240.1,154.98
1660924290,"disk7",11635958.28,321.4
1660924305,"disk7",12812957.09,157.32
1660924320,"disk7",12691766.2,177.83
1660924335,"disk7",27029630.09,88.24
1660924350,"disk7",22543535.28,174.71
1660924365,"disk7",31156853.78,189.78
1660924380,"disk7",18903201.94,65.44
1660924395,"disk7",19144283.05,136.74
1660924410,"disk7",15096668.67,112.48
1660924425,"disk7",13618657.31,119.23
1660924440,"disk7",13053602.43,200.05
1660924455,"disk7",14287514.91,195.11
1660924470,"disk7",22486129.04,226
1660924485,"disk7",30023173.13,137.77
1660924500,"disk7",31395424.9,125.38
1660924515,"disk7",16811952.31,142.03
1660924530,"disk7",10316538.34,360.2
1660924545,"disk7",12045288.1,251.96
1660924560,"disk7",14825956.17,518.57
1660924575,"disk7",27446396.26,563.46
1660924590,"disk7",11268561.14,381.09
1660924605,"disk7",13828679.55,132.39
1660924620,"disk7",12368646.89,192.04
1660924635,"disk7",11066539.01,224.07
1660924650,"disk7",13386078.99,121.61
1660924665,"disk7",12272466.87,143.24
1660924680,"disk7",16402563.28,137.76
1660924695,"disk7",16935636.13,75.17
1660924710,"disk7",14197910.68,96.17
1660924725,"disk7",14912520.54,370.91
1660924740,"disk7",10794282.28,184.29
1660924755,"disk7",12092961.95,191.55
1660924770,"disk7",23901588.03,301.06
1660924785,"disk7",36140763.68,250.65
1660924800,"disk7",44154959.69,204.85
1660914015,"disk8",18320844.46,159.88
1660914030,"disk8",15277832.35,106.36
1660914045,"disk8",23536385.5,196.62
1660914060,"disk8",22254771.12,192.69
1660914075,"disk8",21792597,498.54
1660914090,"disk8",20554942.15,202.08
1660914105,"disk8",17757587.14,152.62
1660914120,"disk8",19853263.15,133.04
1660914135,"disk8",22660474.15,248.52
1660914150,"disk8",20996476.11,214.06
1660914165,"disk8",25667215.54,256.12
1660914180,"disk8",22939922.17,266.52
1660914195,"disk8",40435509.92,452.53
1660914210,"disk8",30814438.02,327.22
1660914225,"disk8",26116241.59,240.71
1660914240,"disk8",20587571.78,165.41
1660914255,"disk8",21798616.8,171.15
1660914270,"disk8",22401052.03,154.39
1660914285,"disk8",NA,141.99
1660914300,"disk8",34214815.83,307.61
1660914315,"disk8",30907840.05,295.05
1660914330,"disk8",38592802.24,220.83
1660914345,"disk8",NA,196.43
1660914360,"disk8",36903025.46,335.14
1660914375,"disk8",33670750.97,267.65
1660914390,"disk8",49712933.99,373.88
1660914405,"disk8",54189365.86,677.03
1660914420,"disk8",37063992.82,509.87
1660914435,"disk8",39708623.87,746.72
1660914450,"disk8",42559056.63,333.36
1660914465,"disk8",NA,126.78
1660914480,"disk8",48192909.45,331.94
1660914495,"disk8",45546336.78,434.86
1660914510,"disk8",26236125.51,429.49
1660914525,"disk8",27450364.42,585.8
1660914540,"disk8",25070851.42,503.74
1660914555,"disk8",21922245.13,897.94
1660914570,"disk8",25832176.15,307.68
1660914585,"disk8",30947687.82,193.78
1660914600,"disk8",40728408.85,202.24
1660914615,"disk8",36256314.5,209.21
1660914630,"disk8",19263489.91,256.4
1660914645,"disk8",20059239.1,541.69
1660914660,"disk8",23260210.52,420.94
1660914675,"disk8",26618966.52,225.7
1660914690,"disk8",26561619.33,180.32
1660914705,"disk8",27338281.01,248.56
1660914720,"disk8",21901020.84,254.71
1660914735,"disk8",24867689.51,275.82
1660914750,"disk8",37389595.86,311.67
1660914765,"disk8",32351036.76,223
1660914780,"disk8",27134887.35,237.5
1660914795,"disk8",22481520.06,313.56
1660914810,"disk8",39629900.34,306.76
1660914825,"disk8",NA,97.53
1660914840,"disk8",38379043.23,258.98
1660914855,"disk8",23646379.39,226.18
1660914870,"disk8",30624477.93,542.57
1660914885,"disk8",26931022.46,658.14
1660914900,"disk8",27058867.13,518.64
1660914915,"disk8",23513257.69,221.28
1660914930,"disk8",33249907.96,330.86
1660914945,"disk8",27668343.8,240.9
1660914960,"disk8",26177122.69,262.92
1660914975,"disk8",32601233.62,212.98
1660914990,"disk8",32024068.47,306.48
1660915005,"disk8",38754385.34,494.44
1660915020,"disk8",NA,215.29
1660915035,"disk8",48353057.5,228.26
1660915050,"disk8",31803703.39,308.68
1660915065,"disk8",24139665.82,312.04
1660915080,"disk8",34610263.5,327
1660915095,"disk8",32679846.25,694.17
1660915110,"disk8",24902409.34,604.56
1660915125,"disk8",18060230.86,335.24
1660915140,"disk8",NA,280.62
1660915155,"disk8",19708446.35,236.23
1660915170,"disk8",23720643.17,380.26
1660915185,"disk8",NA,90.55
1660915200,"disk8",28516648.91,434.73
1660915215,"disk8",18807769.92,339.6
1660915230,"disk8",31838312.05,185.02
1660915245,"disk8",30078702.67,239.09
1660915260,"disk8",NA,163.77
1660915275,"disk8",38054772.3,175.38
1660915290,"disk8",30369033.18,251.38
1660915305,"disk8",16673794.21,298.84
1660915320,"disk8",NA,137.92
1660915335,"disk8",17250341.31,376.41
1660915350,"disk8",24541404.33,184.31
1660915365,"disk8",NA,128.37
1660915380,"disk8",15444871.66,356.55
1660915395,"disk8",20964326.25,359.7
1660915410,"disk8",23571206.17,390.07
1660915425,"disk8",20821400.22,346.82
1660915440,"disk8",23479038.73,478.36
1660915455,"disk8",17644608.93,193.03
1660915470,"disk8",14494056.96,150.34
1660915485,"disk8",16249163.07,139.04
1660915500,"disk8",NA,121.12
1660915515,"disk8",13698875.88,241.75
1660915530,"disk8",17695367.35,159.82
1660915545,"disk8",NA,148.71
1660915560,"disk8",NA,211.91
1660915575,"disk8",39348066.91,160.99
1660915590,"disk8",21273234.05,260.06
1660915605,"disk8",23348545.62,328.02
1660915620,"disk8",18220356.15,200.17
1660915635,"disk8",19547685.83,249.37
1660915650,"disk8",34863932.02,174.21
1660915665,"disk8",18378532.81,177.76
1660915680,"disk8",30987700.2,165.05
1660915695,"disk8",23004755.93,127.6
1660915710,"disk8",18482027.98,125.06
1660915725,"disk8",NA,178.83
1660915740,"disk8",26659630.62,219.88
1660915755,"disk8",75034135.96,225.91
1660915770,"disk8",41489382.54,303.6
1660915785,"disk8",NA,177.45
1660915800,"disk8",36090913.18,405.87
1660915815,"disk8",26950373.85,204.7
1660915830,"disk8",NA,135.89
1660915845,"disk8",NA,190.83
1660915860,"disk8",24140467.69,231.81
1660915875,"disk8",NA,113.37
1660915890,"disk8",31405875.22,144.01
1660915905,"disk8",23235176.59,147.51
1660915920,"disk8",27886473.93,358.71
1660915935,"disk8",23308530.6,168.15
1660915950,"disk8",40163913.05,228.49
1660915965,"disk8",33387388.28,240.42
1660915980,"disk8",18221411.09,157.95
1660915995,"disk8",17951649.36,168.28
1660916010,"disk8",17698211.47,222.22
1660916025,"disk8",26560836.32,748.58
1660916040,"disk8",26866918.76,383.34
1660916055,"disk8",22586078.68,309.3
1660916070,"disk8",22643135.31,294.9
1660916085,"disk8",24222016.99,242.87
1660916100,"disk8",22778567.13,316.78
1660916115,"disk8",37150844.15,204.84
1660916130,"disk8",35757332.47,276.48
1660916145,"disk8",31905881.61,340.42
1660916160,"disk8",36350497.86,300.2
1660916175,"disk8",33643416.76,218.61
1660916190,"disk8",17933721.56,203.79
1660916205,"disk8",23456917.47,172.52
1660916220,"disk8",20833160.43,334.94
1660916235,"disk8",28733855.85,271.77
1660916250,"disk8",32814610.52,227.11
1660916265,"disk8",26394482.33,124.06
1660916280,"disk8",28473753.41,136.74
1660916295,"disk8",39101740.46,267.8
1660916310,"disk8",35064707.54,225.8
1660916325,"disk8",35595737.46,172.99
1660916340,"disk8",42443999.2,199.15
1660916355,"disk8",40102998.18,175.37
1660916370,"disk8",41484982.71,177.26
1660916385,"disk8",39873511.25,361.3
1660916400,"disk8",30529171.63,718.04
1660916415,"disk8",27950822.6,256.26
1660916430,"disk8",26537122.65,389.41
1660916445,"disk8",28002011.44,393.81
1660916460,"disk8",NA,116.18
1660916475,"disk8",30140440.68,146.58
1660916490,"disk8",30220176.48,353.34
1660916505,"disk8",NA,207.89
1660916520,"disk8",25434633.91,366.99
1660916535,"disk8",30018946.96,363.42
1660916550,"disk8",36092405.19,258.45
1660916565,"disk8",37830196.58,246.58
1660916580,"disk8",23286254.03,209.81
1660916595,"disk8",37701562.22,361.6
1660916610,"disk8",33579480,269.08
1660916625,"disk8",23828162.23,336.02
1660916640,"disk8",23951111.34,533.86
1660916655,"disk8",20167667.17,348.6
1660916670,"disk8",24209253.27,436.59
1660916685,"disk8",22462853.93,433.3
1660916700,"disk8",NA,102.36
1660916715,"disk8",18603503.5,287.9
1660916730,"disk8",NA,235.68
1660916745,"disk8",16767624.78,204.49
1660916760,"disk8",13636910.5,791.51
1660916775,"disk8",17254233.73,244.58
1660916790,"disk8",NA,164.83
1660916805,"disk8",NA,232.02
1660916820,"disk8",35993103.98,334.83
1660916835,"disk8",46058552.73,299.81
1660916850,"disk8",42899866.78,309.66
1660916865,"disk8",17476759.64,260.58
1660916880,"disk8",18037407.44,197.08
1660916895,"disk8",15344846.05,271.19
1660916910,"disk8",22344907.08,390
1660916925,"disk8",31740781.16,390.21
1660916940,"disk8",43040552.18,1083.28
1660916955,"disk8",18424887.44,325.71
1660916970,"disk8",22336239.28,269.05
1660916985,"disk8",NA,127.58
1660917000,"disk8",35385748.8,252.08
1660917015,"disk8",30080263.53,222.9
1660917030,"disk8",27648297.38,220.43
1660917045,"disk8",18343764.89,240.81
1660917060,"disk8",19854166.47,247
1660917075,"disk8",20809813.21,185.96
1660917090,"disk8",24062731.52,136.74
1660917105,"disk8",21210798.36,151.85
1660917120,"disk8",29042461.63,336.99
1660917135,"disk8",23328709.95,189.54
1660917150,"disk8",24759907.8,146.8
1660917165,"disk8",36033888.86,223.18
1660917180,"disk8",26490125.45,190.78
1660917195,"disk8",38879204.47,395.72
1660917210,"disk8",28644670.02,479.42
1660917225,"disk8",NA,124.83
1660917240,"disk8",28776193.43,398
1660917255,"disk8",24030394.31,206.9
1660917270,"disk8",27679827.22,215.8
1660917285,"disk8",28493993.21,174.7
1660917300,"disk8",12768758.56,247.5
1660917315,"disk8",11762185.8,360.43
1660917330,"disk8",NA,146.51
1660917345,"disk8",24879488.44,484.22
1660917360,"disk8",NA,172.33
1660917375,"disk8",16692823.76,197.1
1660917390,"disk8",17877494.67,196.01
1660917405,"disk8",NA,170.29
1660917420,"disk8",11276195.57,280.82
1660917435,"disk8",8669284.39,331.6
1660917450,"disk8",15953918.97,291.29
1660917465,"disk8",NA,147.42
1660917480,"disk8",10649745.42,343.11
1660917495,"disk8",16475335.52,149.87
1660917510,"disk8",18933216.86,178.66
1660917525,"disk8",18985916.84,195.46
1660917540,"disk8",16825593.27,208.55
1660917555,"disk8",21226248.82,185.22
1660917570,"disk8",20344495.27,231.8
1660917585,"disk8",11302115.07,186.77
1660917600,"disk8",9983898.48,251.79
1660917615,"disk8",12507498.01,994.14
1660917630,"disk8",28743330.01,308.07
1660917645,"disk8",NA,342.9
1660917660,"disk8",21061530.5,458.81
1660917675,"disk8",NA,296.78
1660917690,"disk8",14607052.07,928.89
1660917705,"disk8",28831674.32,314.23
1660917720,"disk8",8107518.65,315.93
1660917735,"disk8",22531537.19,366.11
1660917750,"disk8",34443763.83,332.49
1660917765,"disk8",33446617.47,253.07
1660917780,"disk8",11326201.05,151.73
1660917795,"disk8",13652575.07,548.83
1660917810,"disk8",15432821.58,174.44
1660917825,"disk8",16427813.42,238.29
1660917840,"disk8",13479588.58,158.93
1660917855,"disk8",18662490.78,168.57
1660917870,"disk8",20923356.01,251.28
1660917885,"disk8",NA,211.21
1660917900,"disk8",42931245.5,223.54
1660917915,"disk8",34580594.84,140.04
1660917930,"disk8",27568498.82,111.25
1660917945,"disk8",NA,265.78
1660917960,"disk8",25925693.58,255
1660917975,"disk8",23754367.72,181.8
1660917990,"disk8",18264974.38,152.38
1660918005,"disk8",17872824.14,157.87
1660918020,"disk8",30533352.25,284.21
1660918035,"disk8",33468566.11,195.69
1660918050,"disk8",30523668.97,147.98
1660918065,"disk8",NA,153.53
1660918080,"disk8",27894993.39,184.85
1660918095,"disk8",28231780.81,193.93
1660918110,"disk8",37324100.83,163.98
1660918125,"disk8",32261956.05,113.3
1660918140,"disk8",NA,98.01
1660918155,"disk8",46429043.19,112.91
1660918170,"disk8",46289063.92,295.1
1660918185,"disk8",32089674.64,391.01
1660918200,"disk8",37695144.98,280.17
1660918215,"disk8",26131587.69,91.48
1660918230,"disk8",31934798.29,108.87
1660918245,"disk8",NA,138.1
1660918260,"disk8",NA,167.58
1660918275,"disk8",57032541.95,213.08
1660918290,"disk8",46866860.56,68.47
1660918305,"disk8",NA,157.11
1660918320,"disk8",17391730.33,183.26
1660918335,"disk8",25552542.48,422.93
1660918350,"disk8",30202740.3,277.5
1660918365,"disk8",21617688.66,79.62
1660918380,"disk8",25071167.94,125.67
1660918395,"disk8",22725165.61,100.22
1660918410,"disk8",12253938.72,171.74
1660918425,"disk8",10015365.99,102.37
1660918440,"disk8",17755305.11,149.98
1660918455,"disk8",42015713.34,138.61
1660918470,"disk8",18433667.37,406.14
1660918485,"disk8",12925976.14,418.93
1660918500,"disk8",12073158.54,313.58
1660918515,"disk8",13177515.83,216.83
1660918530,"disk8",9968271.45,227.17
1660918545,"disk8",42456054.92,252.95
1660918560,"disk8",36519006.56,200.58
1660918575,"disk8",16228387.25,210.89
1660918590,"disk8",20299235.37,156.81
1660918605,"disk8",NA,188.86
1660918620,"disk8",18900658.4,244.61
1660918635,"disk8",25033726.54,516.68
1660918650,"disk8",22974741.62,228.57
1660918665,"disk8",17547622.76,256.5
1660918680,"disk8",14957608.11,255.77
1660918695,"disk8",18591871.72,208.7
1660918710,"disk8",26270337.37,288.54
1660918725,"disk8",30221849.13,266.21
1660918740,"disk8",29795663.91,391.21
1660918755,"disk8",17721437.42,358.02
1660918770,"disk8",22058570.97,377.51
1660918785,"disk8",21398868.89,259.33
1660918800,"disk8",NA,113.62
1660918815,"disk8",30667862.32,346.42
1660918830,"disk8",33488941.11,167.91
1660918845,"disk8",47982581.35,229.14
1660918860,"disk8",NA,84.69
1660918875,"disk8",NA,216.62
1660918890,"disk8",10991244.44,190.4
1660918905,"disk8",13727488.47,228.15
1660918920,"disk8",12412423.91,536.26
1660918935,"disk8",19361568.19,459.48
1660918950,"disk8",12590606.01,202.2
1660918965,"disk8",NA,232.54
1660918980,"disk8",14216227.54,145.96
1660918995,"disk8",20856550.55,246.3
1660919010,"disk8",17003300.8,340.92
1660919025,"disk8",16239489.98,197.4
1660919040,"disk8",24532945.5,179.17
1660919055,"disk8",19488286.46,178.63
1660919070,"disk8",27568736.86,87.45
1660919085,"disk8",22408369.18,78.87
1660919100,"disk8",15282131.03,132.51
1660919115,"disk8",31426049.16,447.37
1660919130,"disk8",38471248.19,215.89
1660919145,"disk8",17352757.44,97.18
1660919160,"disk8",25884225.4,89.78
1660919175,"disk8",17604906.36,143.84
1660919190,"disk8",34395656.58,64.69
1660919205,"disk8",24149861.16,398.55
1660919220,"disk8",29223069.68,335.76
1660919235,"disk8",18796365.7,152.07
1660919250,"disk8",17711485.79,192.02
1660919265,"disk8",19487598.22,289.24
1660919280,"disk8",22551146.49,153.23
1660919295,"disk8",21911255.75,220.6
1660919310,"disk8",19499762.42,205.6
1660919325,"disk8",26394411.46,132.5
1660919340,"disk8",39916792.42,130.44
1660919355,"disk8",56180800.57,202.8
1660919370,"disk8",42922805.92,242.51
1660919385,"disk8",25005589.09,280.86
1660919400,"disk8",14677381.42,296.07
1660919415,"disk8",16635575.53,156.56
1660919430,"disk8",18824172.22,333.86
1660919445,"disk8",NA,509.13
1660919460,"disk8",NA,345.02
1660919475,"disk8",14218945.93,183.68
1660919490,"disk8",22380836.81,220.38
1660919505,"disk8",NA,104.37
1660919520,"disk8",NA,122.66
1660919535,"disk8",17814328.97,271.13
1660919550,"disk8",14913843.95,331.11
1660919565,"disk8",15838205.55,402.96
1660919580,"disk8",17304959.14,270.96
1660919595,"disk8",13797471.99,261.66
1660919610,"disk8",13343668.17,136.62
1660919625,"disk8",NA,179.95
1660919640,"disk8",12035202.83,127.17
1660919655,"disk8",17454229.79,157.54
1660919670,"disk8",21118478.34,168.69
1660919685,"disk8",NA,246.01
1660919700,"disk8",32874899.4,123.93
1660919715,"disk8",42473348.87,165.43
1660919730,"disk8",25426313.1,133.15
1660919745,"disk8",18269501.09,219.34
1660919760,"disk8",15652895.32,195.82
1660919775,"disk8",32753390.29,180.23
1660919790,"disk8",35434350.32,209.77
1660919805,"disk8",26632542.66,223.93
1660919820,"disk8",29581430.27,269.29
1660919835,"disk8",25853175.65,208.76
1660919850,"disk8",34440967.91,100.84
1660919865,"disk8",28432273.05,236.53
1660919880,"disk8",32588714.85,466.04
1660919895,"disk8",30222153.61,177.52
1660919910,"disk8",20693353.5,196.39
1660919925,"disk8",NA,256.17
1660919940,"disk8",23704235.78,138.55
1660919955,"disk8",18890761.72,382.51
1660919970,"disk8",22308944.35,198.5
1660919985,"disk8",19311535.24,249.68
1660920000,"disk8",23495675.46,164.92
1660920015,"disk8",18284227.56,187.06
1660920030,"disk8",20765788.05,209.63
1660920045,"disk8",13685325.29,180.55
1660920060,"disk8",15253699.34,189.48
1660920075,"disk8",32255118.98,194.57
1660920090,"disk8",34536170.34,229.17
1660920105,"disk8",16888848.99,355.64
1660920120,"disk8",40437057.46,1297.57
1660920135,"disk8",17209595.32,491.12
1660920150,"disk8",15443666.75,284.92
1660920165,"disk8",18953504.05,142.4
1660920180,"disk8",20154013.01,143.66
1660920195,"disk8",22551658.69,144.29
1660920210,"disk8",18115461.52,180.68
1660920225,"disk8",NA,110.31
1660920240,"disk8",17140069.87,148.59
1660920255,"disk8",27413027.58,123.34
1660920270,"disk8",18797508.48,287
1660920285,"disk8",18392972.06,185.94
1660920300,"disk8",40200647.26,250.95
1660920315,"disk8",32152793.82,173.77
1660920330,"disk8",20483648.91,122.5
1660920345,"disk8",27982144.36,125.5
1660920360,"disk8",NA,139.91
1660920375,"disk8",31341280.77,173.22
1660920390,"disk8",17055537.14,158.51
1660920405,"disk8",19649626.36,202.31
1660920420,"disk8",25868975.75,121.38
1660920435,"disk8",26087085.73,230.18
1660920450,"disk8",27332279.86,173.93
1660920465,"disk8",NA,83.2
1660920480,"disk8",18609937.48,200.82
1660920495,"disk8",19373634.72,202.77
1660920510,"disk8",18172249.46,261.3
1660920525,"disk8",22657357.83,372.16
1660920540,"disk8",27441841.3,254.16
1660920555,"disk8",21722031.36,162.43
1660920570,"disk8",15345938.52,136.83
1660920585,"disk8",32947296.82,329.13
1660920600,"disk8",17969667.57,433.14
1660920615,"disk8",23517976.49,206.79
1660920630,"disk8",10711271.76,242.37
1660920645,"disk8",11791788,213.91
1660920660,"disk8",25437484.89,307.41
1660920675,"disk8",27375119.27,437.35
1660920690,"disk8",10397193.2,282.9
1660920705,"disk8",15644560.23,260.37
1660920720,"disk8",26736446.02,174.46
1660920735,"disk8",23670025.84,282.68
1660920750,"disk8",28793138.6,169.47
1660920765,"disk8",27857703.25,149.6
1660920780,"disk8",NA,173.34
1660920795,"disk8",20851701.87,189.13
1660920810,"disk8",23926803.2,150.74
1660920825,"disk8",16352698.77,187.8
1660920840,"disk8",16191992.56,224.91
1660920855,"disk8",31808018.32,332.68
1660920870,"disk8",33609877.36,176.52
1660920885,"disk8",26401594.54,111.67
1660920900,"disk8",31495093.58,309.02
1660920915,"disk8",22766279.4,371.06
1660920930,"disk8",21403462.43,165.46
1660920945,"disk8",15268079.65,461.95
1660920960,"disk8",14400213.8,215.39
1660920975,"disk8",23161152.7,140.36
1660920990,"disk8",25837952.07,190.37
1660921005,"disk8",NA,159.1
1660921020,"disk8",26967655.86,223.48
1660921035,"disk8",22766648.6,210.09
1660921050,"disk8",20244474.17,152.94
1660921065,"disk8",36132221.93,197.6
1660921080,"disk8",28659062.28,193.5
1660921095,"disk8",12658710.26,294.46
1660921110,"disk8",11126731.38,201.04
1660921125,"disk8",9677781.4,141.93
1660921140,"disk8",19075617.38,325.64
1660921155,"disk8",13897005.79,311.66
1660921170,"disk8",8398706.6,180.56
1660921185,"disk8",14028551.27,237.15
1660921200,"disk8",8543034.11,225.03
1660921215,"disk8",17952346.48,426.36
1660921230,"disk8",30417373.5,168.59
1660921245,"disk8",NA,434.2
1660921260,"disk8",NA,247.54
1660921275,"disk8",11642156.53,159.13
1660921290,"disk8",8519412.96,195.74
1660921305,"disk8",14074502.99,282.41
1660921320,"disk8",9443176.9,289.22
1660921335,"disk8",8044201.09,254.59
1660921350,"disk8",11644162.35,159.95
1660921365,"disk8",12216327.5,165.04
1660921380,"disk8",10506833.74,157.33
1660921395,"disk8",7487212.39,187.12
1660921410,"disk8",10629812.94,275.39
1660921425,"disk8",8762427.74,186.09
1660921440,"disk8",32198270.41,132.88
1660921455,"disk8",26161264.64,300.66
1660921470,"disk8",13246933.75,124.94
1660921485,"disk8",11236761.8,259.98
1660921500,"disk8",15767239.38,68.04
1660921515,"disk8",11862647.46,111.41
1660921530,"disk8",13284408.48,244.38
1660921545,"disk8",12358844.44,230.09
1660921560,"disk8",11984253.21,76.51
1660921575,"disk8",10901771.88,123.7
1660921590,"disk8",10468944.56,260.18
1660921605,"disk8",11595080.22,184.74
1660921620,"disk8",8012482.48,267.68
1660921635,"disk8",9938755.59,244.61
1660921650,"disk8",10430284.5,254.54
1660921665,"disk8",6468267.93,156.52
1660921680,"disk8",8844011.15,215.34
1660921695,"disk8",18151580.11,129.83
1660921710,"disk8",8570752.41,146.66
1660921725,"disk8",12095473.47,352.11
1660921740,"disk8",14199406.06,284.29
1660921755,"disk8",9466394.79,249.54
1660921770,"disk8",8192968.64,330.96
1660921785,"disk8",NA,224.31
1660921800,"disk8",10779948,234.18
1660921815,"disk8",11064084.95,280.69
1660921830,"disk8",NA,198.46
1660921845,"disk8",NA,394.75
1660921860,"disk8",20819909.62,150.78
1660921875,"disk8",8373851.88,135.4
1660921890,"disk8",NA,135.61
1660921905,"disk8",6826822.9,185.94
1660921920,"disk8",29755522.15,236.99
1660921935,"disk8",31900104.02,234.39
1660921950,"disk8",23320871.28,286.1
1660921965,"disk8",26004361.98,235.3
1660921980,"disk8",22001235.66,206.1
1660921995,"disk8",18564673.47,474.84
1660922010,"disk8",10225741.51,257.85
1660922025,"disk8",9202679.45,149.62
1660922040,"disk8",10787409.69,139.89
1660922055,"disk8",7989209.49,88.01
1660922070,"disk8",14895490.4,215.89
1660922085,"disk8",11896486.68,181.13
1660922100,"disk8",12578201.09,92.23
1660922115,"disk8",11936122.98,227.19
1660922130,"disk8",12638681.15,117.73
1660922145,"disk8",15010260.87,156.43
1660922160,"disk8",17140726.87,275.28
1660922175,"disk8",21839924.87,172.18
1660922190,"disk8",27476047.66,215.66
1660922205,"disk8",28328355.07,106.25
1660922220,"disk8",20933573.74,67.3
1660922235,"disk8",18983002.8,170.76
1660922250,"disk8",17379763.42,91.87
1660922265,"disk8",21574992.17,76.31
1660922280,"disk8",19277516.73,116.69
1660922295,"disk8",30514209.94,130.17
1660922310,"disk8",16529781.24,93.27
1660922325,"disk8",NA,148.04
1660922340,"disk8",25111501.01,95.51
1660922355,"disk8",17716870.63,84.87
1660922370,"disk8",13759363.07,74.22
1660922385,"disk8",16375283.59,359.27
1660922400,"disk8",16904781.55,285.56
1660922415,"disk8",17991707.28,94.56
1660922430,"disk8",14635537.87,91.51
1660922445,"disk8",24037864.68,108.55
1660922460,"disk8",30583831.86,89.64
1660922475,"disk8",NA,463.21
1660922490,"disk8",29885437.38,163.69
1660922505,"disk8",12588593.08,126.92
1660922520,"disk8",28470885.56,130.07
1660922535,"disk8",18468602.93,93.33
1660922550,"disk8",15903457.33,135.78
1660922565,"disk8",14724767.97,94.35
1660922580,"disk8",22740639.17,76.17
1660922595,"disk8",28607818.99,121.11
1660922610,"disk8",19601302.27,101.82
1660922625,"disk8",NA,496.53
1660922640,"disk8",16528675.75,70.3
1660922655,"disk8",16276925.02,140.28
1660922670,"disk8",24722350.49,145.55
1660922685,"disk8",NA,286.14
1660922700,"disk8",28026166.55,95.14
1660922715,"disk8",16097170.38,102.75
1660922730,"disk8",11064010.54,204.01
1660922745,"disk8",32329510.82,100.22
1660922760,"disk8",28253787.58,114.79
1660922775,"disk8",24533501.3,159
1660922790,"disk8",13694337.5,144.78
1660922805,"disk8",21732101.74,123.53
1660922820,"disk8",29366819.6,149.42
1660922835,"disk8",26673824.94,109.27
1660922850,"disk8",23171812.01,222.5
1660922865,"disk8",16823705.56,73.67
1660922880,"disk8",24337736.26,66.08
1660922895,"disk8",37606681.28,76.78
1660922910,"disk8",14429238.85,301.45
1660922925,"disk8",14954336.9,308.06
1660922940,"disk8",11608018.05,200.9
1660922955,"disk8",14025470.56,318.76
1660922970,"disk8",28903247.13,197.15
1660922985,"disk8",33268050.51,151.56
1660923000,"disk8",34981011.05,118.53
1660923015,"disk8",34017023.44,80.25
1660923030,"disk8",NA,147.65
1660923045,"disk8",NA,269.44
1660923060,"disk8",NA,138.13
1660923075,"disk8",NA,186.84
1660923090,"disk8",28049605,106.94
1660923105,"disk8",21210287.36,59.28
1660923120,"disk8",15595611.38,150.21
1660923135,"disk8",14104594.7,128.47
1660923150,"disk8",19522510.13,88.83
1660923165,"disk8",32681520.48,104.79
1660923180,"disk8",22143922.81,118.35
1660923195,"disk8",23493024.75,121.13
1660923210,"disk8",10656691.08,181.78
1660923225,"disk8",12765735.38,175.6
1660923240,"disk8",14486600.34,249.37
1660923255,"disk8",20431439.82,276.07
1660923270,"disk8",25624213.14,180.03
1660923285,"disk8",49048413.84,144.68
1660923300,"disk8",27251883.11,133.87
1660923315,"disk8",13421651.15,253.25
1660923330,"disk8",32248178.62,170.12
1660923345,"disk8",NA,146.58
1660923360,"disk8",16130318.96,216.98
1660923375,"disk8",23031285.91,122.02
1660923390,"disk8",37412178.73,194.27
1660923405,"disk8",NA,211.03
1660923420,"disk8",21989338.72,183.74
1660923435,"disk8",13930207.03,169.24
1660923450,"disk8",17658605.17,87.48
1660923465,"disk8",50000951.01,133.65
1660923480,"disk8",21171457.32,130.74
1660923495,"disk8",15891629.05,170.31
1660923510,"disk8",13279139.17,109.08
1660923525,"disk8",22798477.58,202.86
1660923540,"disk8",NA,97.07
1660923555,"disk8",7669667.74,260.47
1660923570,"disk8",18309296.29,258.94
1660923585,"disk8",25066033.21,275.63
1660923600,"disk8",7343679.46,97.05
1660923615,"disk8",12208672.18,248.31
1660923630,"disk8",9852654.39,144.8
1660923645,"disk8",13854325.5,155.9
1660923660,"disk8",12795616.34,113.71
1660923675,"disk8",NA,82.31
1660923690,"disk8",NA,243.28
1660923705,"disk8",14520951.36,156.63
1660923720,"disk8",18032606.28,259.85
1660923735,"disk8",12559871.16,189.89
1660923750,"disk8",10642169.59,109.95
1660923765,"disk8",8666098.98,126.02
1660923780,"disk8",14660351.3,116.07
1660923795,"disk8",10959100.16,211.97
1660923810,"disk8",23217007.93,346.5
1660923825,"disk8",NA,118.91
1660923840,"disk8",21306417.64,336.9
1660923855,"disk8",13703617.31,110.08
1660923870,"disk8",16090733.47,63.39
1660923885,"disk8",15828811.03,231.4
1660923900,"disk8",15269735.32,216.81
1660923915,"disk8",15346257.47,192.66
1660923930,"disk8",14428334.43,108.39
1660923945,"disk8",34689084.4,181.13
1660923960,"disk8",29043939.99,212.73
1660923975,"disk8",NA,86.73
1660923990,"disk8",22724231.67,163.36
1660924005,"disk8",12665439.01,222.17
1660924020,"disk8",11396065.23,121.79
1660924035,"disk8",12401809.32,172.1
1660924050,"disk8",13114125.36,349.83
1660924065,"disk8",NA,75.79
1660924080,"disk8",16239755.13,91.08
1660924095,"disk8",9934026.87,96.48
1660924110,"disk8",8445543.85,73.77
1660924125,"disk8",NA,93.48
1660924140,"disk8",19866930.16,81.66
1660924155,"disk8",42494605.33,231.91
1660924170,"disk8",31503964.76,274.5
1660924185,"disk8",10332010.58,354.25
1660924200,"disk8",10466549.64,251.29
1660924215,"disk8",17126647.59,99.84
1660924230,"disk8",23403793.35,132.76
1660924245,"disk8",NA,88.53
1660924260,"disk8",10655939.01,140.55
1660924275,"disk8",NA,129.89
1660924290,"disk8",10394537.39,122.06
1660924305,"disk8",NA,93.77
1660924320,"disk8",NA,81.07
1660924335,"disk8",37870957.42,210.81
1660924350,"disk8",24937997.34,130.95
1660924365,"disk8",20387228.78,127.83
1660924380,"disk8",24238408.38,100.44
1660924395,"disk8",38788368.84,182.11
1660924410,"disk8",17850644.03,320
1660924425,"disk8",NA,123.52
1660924440,"disk8",52566058.3,186.48
1660924455,"disk8",46276792.88,230.53
1660924470,"disk8",26628040.01,98.33
1660924485,"disk8",NA,97.28
1660924500,"disk8",25573074.17,92.68
1660924515,"disk8",13607621.92,120.76
1660924530,"disk8",19087131.27,173.46
1660924545,"disk8",NA,152.52
1660924560,"disk8",18505067.62,232.31
1660924575,"disk8",9168028.97,414.86
1660924590,"disk8",NA,303.29
1660924605,"disk8",24062097.22,226.62
1660924620,"disk8",12983968.09,123.74
1660924635,"disk8",9244402.93,267.43
1660924650,"disk8",9511626.42,220.65
1660924665,"disk8",11189481.03,152.91
1660924680,"disk8",13859356.04,191.49
1660924695,"disk8",13022070.82,337.26
1660924710,"disk8",10079206.3,369.45
1660924725,"disk8",10663378.95,188.13
1660924740,"disk8",14497760.92,128.31
1660924755,"disk8",14347500.22,176.41
1660924770,"disk8",23420715,484.99
1660924785,"disk8",36670176.01,227.02
1660924800,"disk8",21060643.74,187.14
1660914015,"disk9",25971211,372.62
1660914030,"disk9",31461792.27,NA
1660914045,"disk9",23286140.16,292.36
1660914060,"disk9",31815727.34,NA
1660914075,"disk9",32787838.42,493.94
1660914090,"disk9",33935695.28,321.29
1660914105,"disk9",33829438.21,445.49
1660914120,"disk9",26388308.22,322.4
1660914135,"disk9",32417895.95,470.17
1660914150,"disk9",16723574.39,159.8
1660914165,"disk9",24633024.46,247.19
1660914180,"disk9",23760928.47,306.72
1660914195,"disk9",33816049.11,285.76
1660914210,"disk9",47263374.76,593.61
1660914225,"disk9",47624528.72,NA
1660914240,"disk9",45813233.86,518.86
1660914255,"disk9",47420478.15,707.87
1660914270,"disk9",41071924.43,397.24
1660914285,"disk9",27631377.02,151.56
1660914300,"disk9",38519202.02,256.44
1660914315,"disk9",43255283.46,310.82
1660914330,"disk9",46180561.87,484.67
1660914345,"disk9",52069600.73,204.24
1660914360,"disk9",31881365.45,474.61
1660914375,"disk9",24082888.6,768.85
1660914390,"disk9",21301470.65,378.34
1660914405,"disk9",33634063.32,1334.43
1660914420,"disk9",33297384.38,209.9
1660914435,"disk9",43494004.88,349.16
1660914450,"disk9",38259894.78,306.92
1660914465,"disk9",38183296.49,216.52
1660914480,"disk9",29785254.76,490.79
1660914495,"disk9",34149875.13,443.5
1660914510,"disk9",25868751.05,NA
1660914525,"disk9",16796856.24,304.88
1660914540,"disk9",14327934.23,361.86
1660914555,"disk9",9788767.19,368.25
1660914570,"disk9",11913793.64,203.58
1660914585,"disk9",11665342.15,176.66
1660914600,"disk9",12206379.42,119.3
1660914615,"disk9",12675557.5,86.36
1660914630,"disk9",21820672.85,100.61
1660914645,"disk9",23501968.13,108.88
1660914660,"disk9",11228422.84,92.11
1660914675,"disk9",16008331.45,279
1660914690,"disk9",13370638.94,195.84
1660914705,"disk9",14334827.6,NA
1660914720,"disk9",16233509.06,NA
1660914735,"disk9",22246242.92,116.91
1660914750,"disk9",29108522.59,NA
1660914765,"disk9",38050206.37,134.79
1660914780,"disk9",45992235.64,225.23
1660914795,"disk9",33930197.23,263.69
1660914810,"disk9",26562330.64,NA
1660914825,"disk9",33975596.84,126.23
1660914840,"disk9",27773354.15,404.49
1660914855,"disk9",30854336.69,305.67
1660914870,"disk9",26841591.04,684.83
1660914885,"disk9",31711171.89,332.67
1660914900,"disk9",26719272.58,NA
1660914915,"disk9",24301957.84,258.22
1660914930,"disk9",22545909.86,247.51
1660914945,"disk9",20290373.67,271.54
1660914960,"disk9",29657731.88,NA
1660914975,"disk9",27334852.46,434.57
1660914990,"disk9",33119122.21,193.48
1660915005,"disk9",30307350.54,166.74
1660915020,"disk9",22829827.25,260.47
1660915035,"disk9",21512659.99,NA
1660915050,"disk9",28569195.07,463.61
1660915065,"disk9",36859267.74,407.25
1660915080,"disk9",46912359.5,364.09
1660915095,"disk9",36871233.34,235.06
1660915110,"disk9",32823149.11,270.21
1660915125,"disk9",28201805.56,223
1660915140,"disk9",28059297.35,297.48
1660915155,"disk9",25375355.22,348.33
1660915170,"disk9",26303801.43,452.94
1660915185,"disk9",21346576.25,NA
1660915200,"disk9",19698409.08,NA
1660915215,"disk9",22238650.06,681.22
1660915230,"disk9",19651333.16,288.28
1660915245,"disk9",37049567.31,NA
1660915260,"disk9",34233175.1,131.98
1660915275,"disk9",48799955.35,313.74
1660915290,"disk9",42754687.76,250.56
1660915305,"disk9",39413539.42,217.19
1660915320,"disk9",32085438.22,196.7
1660915335,"disk9",50563047.28,181.32
1660915350,"disk9",42144303.34,321.52
1660915365,"disk9",23475961.72,125.78
1660915380,"disk9",21231561.51,204.75
1660915395,"disk9",21366594.64,NA
1660915410,"disk9",16686406.49,NA
1660915425,"disk9",27108688.42,629.88
1660915440,"disk9",37004367.38,664.24
1660915455,"disk9",24734444.89,478.44
1660915470,"disk9",26025820.27,414.57
1660915485,"disk9",33887498.08,580.84
1660915500,"disk9",28898446.54,NA
1660915515,"disk9",34364856.15,431.68
1660915530,"disk9",41914858.27,NA
1660915545,"disk9",29967016.68,109.76
1660915560,"disk9",33597770.87,405.38
1660915575,"disk9",41365625.33,208.57
1660915590,"disk9",37086500.13,1754.06
1660915605,"disk9",27652010.38,131.44
1660915620,"disk9",25239281.54,306.24
1660915635,"disk9",23224220.76,467.26
1660915650,"disk9",22472998.8,366.02
1660915665,"disk9",23823245.5,451.89
1660915680,"disk9",36061195.88,478.04
1660915695,"disk9",42043293.57,812.15
1660915710,"disk9",33221021.47,334.08
1660915725,"disk9",26491454.19,205.59
1660915740,"disk9",33663751.28,500.02
1660915755,"disk9",25924048.4,558.57
1660915770,"disk9",18547035.85,408.08
1660915785,"disk9",21907308.84,291.04
1660915800,"disk9",18146766.53,465.2
1660915815,"disk9",19283665.44,501.18
1660915830,"disk9",15878600.47,611.16
1660915845,"disk9",NA,260.99
1660915860,"disk9",31378973.43,312.77
1660915875,"disk9",28991229.57,210
1660915890,"disk9",14510774.93,422.76
1660915905,"disk9",14998803.97,220.4
1660915920,"disk9",24570149.6,218.18
1660915935,"disk9",20528844.73,228
1660915950,"disk9",28410998.97,332.43
1660915965,"disk9",19199465.82,569.2
1660915980,"disk9",21343661.65,525.34
1660915995,"disk9",24303056.27,269.83
1660916010,"disk9",22450452.44,348.38
1660916025,"disk9",21258590.75,266.17
1660916040,"disk9",27264246.93,210.26
1660916055,"disk9",30256364.09,296.1
1660916070,"disk9",33604823.38,206.4
1660916085,"disk9",24970234.06,312.06
1660916100,"disk9",18291718.02,216.3
1660916115,"disk9",32376605.48,NA
1660916130,"disk9",24098514.44,337.47
1660916145,"disk9",41593998.48,270.55
1660916160,"disk9",38005321.24,227.5
1660916175,"disk9",28584877.41,NA
1660916190,"disk9",21951637.53,219.86
1660916205,"disk9",25460987.27,221.02
1660916220,"disk9",28084505.24,421.3
1660916235,"disk9",40975551.7,267.77
1660916250,"disk9",24239823.44,231.38
1660916265,"disk9",17912578.1,264.92
1660916280,"disk9",10977069.28,230.98
1660916295,"disk9",15402813.13,234.46
1660916310,"disk9",14993602.68,364.94
1660916325,"disk9",24321136.84,320.37
1660916340,"disk9",18396009.98,450.08
1660916355,"disk9",24135078.4,307.45
1660916370,"disk9",17123724.6,200.9
1660916385,"disk9",19572533.67,371.46
1660916400,"disk9",15808741.64,402.73
1660916415,"disk9",19136006.77,654.85
1660916430,"disk9",22209561.04,NA
1660916445,"disk9",28186269.16,795.1
1660916460,"disk9",23241060.99,127.11
1660916475,"disk9",25362086.37,291.18
1660916490,"disk9",28700237.09,NA
1660916505,"disk9",44688111.57,99.46
1660916520,"disk9",47252203.89,302.88
1660916535,"disk9",45284636.22,386.54
1660916550,"disk9",50204816.66,410.61
1660916565,"disk9",37121496.32,223.3
1660916580,"disk9",34446818.82,119.69
1660916595,"disk9",37698013.34,194.6
1660916610,"disk9",35353430.72,132.42
1660916625,"disk9",23157828.3,258.46
1660916640,"disk9",20943359.69,152.49
1660916655,"disk9",19713280.95,279.49
1660916670,"disk9",20952722.27,249.03
1660916685,"disk9",33972012.32,194.56
1660916700,"disk9",21409911.08,116.34
1660916715,"disk9",29512981.81,247.12
1660916730,"disk9",25349840.56,96.86
1660916745,"disk9",18673611.54,189.26
1660916760,"disk9",15839763.74,356.23
1660916775,"disk9",25877718.46,371.87
1660916790,"disk9",29244172.69,117.58
1660916805,"disk9",43603174.23,137.72
1660916820,"disk9",45760894.28,242.84
1660916835,"disk9",21044812.53,339.8
1660916850,"disk9",16883568.05,233.33
1660916865,"disk9",16335590.58,449.5
1660916880,"disk9",12928030,453.84
1660916895,"disk9",20907057.3,545.78
1660916910,"disk9",17156047.05,546.73
1660916925,"disk9",14459868.95,NA
1660916940,"disk9",19134852.6,746.76
1660916955,"disk9",26521746.64,599.3
1660916970,"disk9",24982977.46,985.16
1660916985,"disk9",19967069.59,119.75
1660917000,"disk9",21074739.93,292.95
1660917015,"disk9",18613076.12,184.88
1660917030,"disk9",21120268.64,259.7
1660917045,"disk9",23268196.34,285.66
1660917060,"disk9",22378644.4,586.8
1660917075,"disk9",21634714.07,252.66
1660917090,"disk9",29002120.61,517.33
1660917105,"disk9",25114427.36,395.3
1660917120,"disk9",22572676.51,231.44
1660917135,"disk9",23469206.78,237.46
1660917150,"disk9",27349604.11,276.04
1660917165,"disk9",28414764.27,NA
1660917180,"disk9",38389996.33,536.27
1660917195,"disk9",28776468.04,669.64
1660917210,"disk9",24543131.17,353.26
1660917225,"disk9",26521245.51,89.2
1660917240,"disk9",29210501.3,205.2
1660917255,"disk9",51592182.85,136.73
1660917270,"disk9",40437005.23,NA
1660917285,"disk9",35358817.57,213.08
1660917300,"disk9",25264360.13,174.95
1660917315,"disk9",25634425.43,166.7
1660917330,"disk9",28349135.88,111.31
1660917345,"disk9",21252886.07,238.82
1660917360,"disk9",23733240.6,151.7
1660917375,"disk9",23374695.16,229.15
1660917390,"disk9",19279717.23,336.17
1660917405,"disk9",23044179.82,173.43
1660917420,"disk9",17837120.89,NA
1660917435,"disk9",18927133.87,NA
1660917450,"disk9",21430270.8,163.19
1660917465,"disk9",27196442.45,90.94
1660917480,"disk9",22579804.75,210.33
1660917495,"disk9",20460551.49,NA
1660917510,"disk9",17566915.07,236.12
1660917525,"disk9",35960581.93,200.73
1660917540,"disk9",21989247.62,320.74
1660917555,"disk9",29640301.8,298.89
1660917570,"disk9",35570323.54,318.23
1660917585,"disk9",37323355.52,245.91
1660917600,"disk9",40200687.48,222.48
1660917615,"disk9",23755987.32,349.29
1660917630,"disk9",21817187.29,NA
1660917645,"disk9",21009020.58,NA
1660917660,"disk9",31643969.2,325.42
1660917675,"disk9",23825972.34,NA
1660917690,"disk9",29381264.91,192.22
1660917705,"disk9",24192484.15,210.65
1660917720,"disk9",19777718.18,201.36
1660917735,"disk9",19750230.13,542.54
1660917750,"disk9",17861277.57,571.52
1660917765,"disk9",16658508.27,563.05
1660917780,"disk9",15183954.98,231.65
1660917795,"disk9",21275764.32,262.75
1660917810,"disk9",21985546.12,340.78
1660917825,"disk9",20862664.12,NA
1660917840,"disk9",17951276.07,218.99
1660917855,"disk9",20417554.7,195.87
1660917870,"disk9",25543350.48,NA
1660917885,"disk9",28080344.54,NA
1660917900,"disk9",18517725.68,190.43
1660917915,"disk9",22406974.6,185.89
1660917930,"disk9",27276419.72,166
1660917945,"disk9",25830346.48,387.08
1660917960,"disk9",20355378.99,184.52
1660917975,"disk9",27250726.17,231.87
1660917990,"disk9",19731164.28,196.04
1660918005,"disk9",24833435.54,289.42
1660918020,"disk9",30339718.84,143.5
1660918035,"disk9",48831246.38,378.63
1660918050,"disk9",38432293.92,223.22
1660918065,"disk9",24172367.76,295.62
1660918080,"disk9",26521728.34,268.74
1660918095,"disk9",22242030.98,293.97
1660918110,"disk9",22312646.4,346.46
1660918125,"disk9",20532857.76,NA
1660918140,"disk9",33755692.38,219.26
1660918155,"disk9",31363777.36,234.4
1660918170,"disk9",33866827.35,NA
1660918185,"disk9",32813822.05,NA
1660918200,"disk9",17103384.84,238.37
1660918215,"disk9",21453640.54,270.52
1660918230,"disk9",25721368.31,334.2
1660918245,"disk9",24746933.55,234.58
1660918260,"disk9",40629179.44,201.14
1660918275,"disk9",37603462.85,203.29
1660918290,"disk9",28267268.23,156.67
1660918305,"disk9",21792347.63,106.5
1660918320,"disk9",21578593.92,166.64
1660918335,"disk9",17149074.36,191.06
1660918350,"disk9",28843914.62,NA
1660918365,"disk9",33586522.62,99.42
1660918380,"disk9",28453319.95,156.46
1660918395,"disk9",27167576.14,195.16
1660918410,"disk9",36779749.33,223.67
1660918425,"disk9",34118516.83,225.79
1660918440,"disk9",21160579.48,245.34
1660918455,"disk9",24856751.5,696.86
1660918470,"disk9",31088203.55,296.47
1660918485,"disk9",27775049.72,220.07
1660918500,"disk9",25228736.31,179.62
1660918515,"disk9",24698794.06,243.86
1660918530,"disk9",27978164.63,NA
1660918545,"disk9",33541442.3,171.34
1660918560,"disk9",30223584.81,NA
1660918575,"disk9",28811387.41,176.74
1660918590,"disk9",44839595.47,NA
1660918605,"disk9",30546577.26,203.26
1660918620,"disk9",18427803.58,NA
1660918635,"disk9",22714409.52,800.55
1660918650,"disk9",25947945.58,470.92
1660918665,"disk9",38852350.27,212.95
1660918680,"disk9",27719192.52,249.44
1660918695,"disk9",20701861.7,241.82
1660918710,"disk9",25512747.75,265.91
1660918725,"disk9",27710824.69,250.31
1660918740,"disk9",25083314.86,511.55
1660918755,"disk9",31306220.94,353.19
1660918770,"disk9",30127439.52,325.13
1660918785,"disk9",39058290.13,NA
1660918800,"disk9",38295232.8,212.74
1660918815,"disk9",24620985.83,143.98
1660918830,"disk9",22948546.61,239.78
1660918845,"disk9",29164124.64,245.47
1660918860,"disk9",23054475.8,179.14
1660918875,"disk9",25287741.84,163.85
1660918890,"disk9",23518118.5,NA
1660918905,"disk9",23925874.95,427.36
1660918920,"disk9",28064536.2,425.86
1660918935,"disk9",33987727.91,241.87
1660918950,"disk9",23631131.23,213.04
1660918965,"disk9",18165392.44,119.02
1660918980,"disk9",19451522.27,NA
1660918995,"disk9",17878657.95,151.43
1660919010,"disk9",21364202.12,266.62
1660919025,"disk9",19398942.71,NA
1660919040,"disk9",23064961.36,274.1
1660919055,"disk9",26241270.65,246.34
1660919070,"disk9",26877859.61,327.98
1660919085,"disk9",47933772.42,363.06
1660919100,"disk9",31621918.38,185.1
1660919115,"disk9",30126929.52,205.61
1660919130,"disk9",38308396.35,312.5
1660919145,"disk9",26749972.23,546.1
1660919160,"disk9",11019752.46,242.38
1660919175,"disk9",15836277.1,279.58
1660919190,"disk9",15411829,424.46
1660919205,"disk9",15227903.66,482.32
1660919220,"disk9",15652849.62,326.1
1660919235,"disk9",15133525.66,240.91
1660919250,"disk9",15354965.04,432.57
1660919265,"disk9",13845539.82,378.68
1660919280,"disk9",44290780.4,303.02
1660919295,"disk9",53020232.61,230.4
1660919310,"disk9",16957480.16,258.08
1660919325,"disk9",22090948.91,NA
1660919340,"disk9",18546086.07,285.91
1660919355,"disk9",42995416.44,198.69
1660919370,"disk9",24419805.83,228.91
1660919385,"disk9",30012620.44,NA
1660919400,"disk9",22430646.75,289.03
1660919415,"disk9",22225410.65,319.63
1660919430,"disk9",20507063.92,218.94
1660919445,"disk9",20258309.56,376.64
1660919460,"disk9",18971780.01,233.12
1660919475,"disk9",22186647.11,364.19
1660919490,"disk9",19597422.97,380.17
1660919505,"disk9",20210452.29,103.03
1660919520,"disk9",17157003.41,NA
1660919535,"disk9",18910155.72,318.27
1660919550,"disk9",16941648.71,174.61
1660919565,"disk9",16901968.46,263.6
1660919580,"disk9",23337047.62,146.17
1660919595,"disk9",30981708.03,NA
1660919610,"disk9",20907545.96,235.08
1660919625,"disk9",31065864.71,113.95
1660919640,"disk9",18768278.41,163.64
1660919655,"disk9",17479590.39,584.04
1660919670,"disk9",27556384.4,512.85
1660919685,"disk9",34282959.48,97.94
1660919700,"disk9",17825395.3,357.75
1660919715,"disk9",13580357.48,543.71
1660919730,"disk9",26245564.76,156.88
1660919745,"disk9",19791253.07,126.9
1660919760,"disk9",27012924.55,157.76
1660919775,"disk9",37130811.73,NA
1660919790,"disk9",34662417.59,171.79
1660919805,"disk9",36482280.91,303.52
1660919820,"disk9",44309569.52,238.19
1660919835,"disk9",48692064.12,582.5
1660919850,"disk9",40189842.78,265.07
1660919865,"disk9",34002890.24,330.24
1660919880,"disk9",24896956.7,328.28
1660919895,"disk9",19347923.3,NA
1660919910,"disk9",16945383.71,NA
1660919925,"disk9",13537740.2,NA
1660919940,"disk9",38598698.24,136.86
1660919955,"disk9",33750028.41,NA
1660919970,"disk9",31340363.44,126.3
1660919985,"disk9",37548229.82,169.42
1660920000,"disk9",26954780.47,157.94
1660920015,"disk9",36794974.95,189.29
1660920030,"disk9",29353409.58,112.02
1660920045,"disk9",16604436.08,342.36
1660920060,"disk9",35065101.46,587.25
1660920075,"disk9",38116493.27,146.82
1660920090,"disk9",18556292.39,258.71
1660920105,"disk9",22899882.26,214.71
1660920120,"disk9",18534788.27,341.28
1660920135,"disk9",16324801.87,245.19
1660920150,"disk9",22760070.25,259.2
1660920165,"disk9",31112190.43,173.04
1660920180,"disk9",37424920.29,435.3
1660920195,"disk9",38397196.29,203.78
1660920210,"disk9",22993207.6,150.33
1660920225,"disk9",25480072.34,NA
1660920240,"disk9",17112242.38,147.91
1660920255,"disk9",28478967.7,161.46
1660920270,"disk9",24273990.26,145.38
1660920285,"disk9",28581003.61,NA
1660920300,"disk9",36635889.84,NA
1660920315,"disk9",24260544.66,228.48
1660920330,"disk9",13004595.6,151.86
1660920345,"disk9",14533075.43,170.74
1660920360,"disk9",14821992.48,116.12
1660920375,"disk9",17241416.32,239.17
1660920390,"disk9",33050438.71,496.69
1660920405,"disk9",25835932.85,201.12
1660920420,"disk9",21666335.77,346.02
1660920435,"disk9",17699689.26,NA
1660920450,"disk9",13624768.79,170.24
1660920465,"disk9",11713794.51,NA
1660920480,"disk9",13875496,400.5
1660920495,"disk9",13714114.09,363.61
1660920510,"disk9",12344582.01,295.11
1660920525,"disk9",22105415.65,195.61
1660920540,"disk9",8741636.14,321.55
1660920555,"disk9",13432334.23,176.87
1660920570,"disk9",22030017.91,267.86
1660920585,"disk9",22580641.01,NA
1660920600,"disk9",28835716.86,NA
1660920615,"disk9",20905345.42,374.32
1660920630,"disk9",9680742.58,NA
1660920645,"disk9",17734145.89,734.62
1660920660,"disk9",12906782.15,449.24
1660920675,"disk9",14328351.89,372.16
1660920690,"disk9",14537961.94,232.89
1660920705,"disk9",16265152.38,190.84
1660920720,"disk9",19148015.11,144.51
1660920735,"disk9",43583069.52,145.07
1660920750,"disk9",47183387.1,665.95
1660920765,"disk9",16060298.82,307.6
1660920780,"disk9",25800773.05,201.21
1660920795,"disk9",25369716.28,352.6
1660920810,"disk9",19430303.61,NA
1660920825,"disk9",19502613.2,280.25
1660920840,"disk9",18358798.16,539.23
1660920855,"disk9",25314755.09,347.53
1660920870,"disk9",24390118.43,NA
1660920885,"disk9",16016891.99,360.1
1660920900,"disk9",25782045.5,NA
1660920915,"disk9",20791677.37,206.28
1660920930,"disk9",18418935.38,NA
1660920945,"disk9",18636996.13,169.33
1660920960,"disk9",20181190.91,145.26
1660920975,"disk9",19625501.36,186.51
1660920990,"disk9",21689752.34,395.52
1660921005,"disk9",35247087.09,NA
1660921020,"disk9",19230624.06,501.34
1660921035,"disk9",14728292.94,444.31
1660921050,"disk9",17070279.63,198.83
1660921065,"disk9",15828164.59,187.51
1660921080,"disk9",23727525.01,NA
1660921095,"disk9",13682756.28,379.75
1660921110,"disk9",14380189.95,215.94
1660921125,"disk9",11803435.81,298.75
1660921140,"disk9",14213236.31,369.49
1660921155,"disk9",27749672.48,271.6
1660921170,"disk9",37167479.63,139.31
1660921185,"disk9",27444079.69,138.15
1660921200,"disk9",33288833.69,163.21
1660921215,"disk9",10105424.03,153.62
1660921230,"disk9",10036180.35,NA
1660921245,"disk9",13391455.05,352.35
1660921260,"disk9",16254559.33,174.54
1660921275,"disk9",16259117.4,NA
1660921290,"disk9",10586143.9,229.44
1660921305,"disk9",13413993.1,192.91
1660921320,"disk9",7669314.32,181.36
1660921335,"disk9",11255569.95,NA
1660921350,"disk9",23758200.29,NA
1660921365,"disk9",29967412.44,141.42
1660921380,"disk9",14634840.61,186.93
1660921395,"disk9",10870207.82,287.86
1660921410,"disk9",18583937.22,91.17
1660921425,"disk9",17586323.56,168.49
1660921440,"disk9",15799898.11,235.5
1660921455,"disk9",26767286.78,203.33
1660921470,"disk9",14430364.59,315.39
1660921485,"disk9",15171623.78,301.4
1660921500,"disk9",19726321.51,65.68
1660921515,"disk9",15028577.39,229.37
1660921530,"disk9",19962718.48,NA
1660921545,"disk9",17898935.59,104.29
1660921560,"disk9",36117183.86,163.43
1660921575,"disk9",37676235.88,221.38
1660921590,"disk9",16731041.07,227.84
1660921605,"disk9",18523619.24,434.95
1660921620,"disk9",18300689.67,533.77
1660921635,"disk9",17479672.9,NA
1660921650,"disk9",16223321.46,186.93
1660921665,"disk9",29777233.6,275.5
1660921680,"disk9",30073096.05,269.47
1660921695,"disk9",30558381.3,178.82
1660921710,"disk9",24106708.9,167.95
1660921725,"disk9",23648057.6,217.78
1660921740,"disk9",23620062.68,308.06
1660921755,"disk9",23407900.89,205.68
1660921770,"disk9",26720403.46,220.38
1660921785,"disk9",30265065.44,109.06
1660921800,"disk9",29843488.97,183.7
1660921815,"disk9",31080445.82,175.58
1660921830,"disk9",40252919.26,177.71
1660921845,"disk9",25866238.23,216.18
1660921860,"disk9",18853904.25,NA
1660921875,"disk9",16193259.41,186.49
1660921890,"disk9",15080280.28,170.63
1660921905,"disk9",20872493.13,226.7
1660921920,"disk9",16560817.95,NA
1660921935,"disk9",14153012.65,459.31
1660921950,"disk9",13688573.05,231.16
1660921965,"disk9",19495255.05,135.94
1660921980,"disk9",16140252.6,199.6
1660921995,"disk9",14414289.5,192.64
1660922010,"disk9",19303962.13,248.02
1660922025,"disk9",20412822.54,94.16
1660922040,"disk9",21349276.69,118.4
1660922055,"disk9",20363209.16,85
1660922070,"disk9",32294071.42,134.31
1660922085,"disk9",33769813.13,221.83
1660922100,"disk9",21546194.08,411.19
1660922115,"disk9",21214974.95,NA
1660922130,"disk9",23732045.42,NA
1660922145,"disk9",22064626.93,92.74
1660922160,"disk9",19841687.46,80.79
1660922175,"disk9",23011034.11,142.61
1660922190,"disk9",21365808.65,NA
1660922205,"disk9",22845679.74,178.39
1660922220,"disk9",28543234.74,86.44
1660922235,"disk9",44871409.56,NA
1660922250,"disk9",19114641.46,49.41
1660922265,"disk9",14772834.75,90.07
1660922280,"disk9",14479403.3,265.57
1660922295,"disk9",14875072.34,NA
1660922310,"disk9",18579359.61,128.15
1660922325,"disk9",14960453.65,88.73
1660922340,"disk9",16828598.46,487.16
1660922355,"disk9",16793360.18,320.04
1660922370,"disk9",24371453.43,117.46
1660922385,"disk9",13479284.08,104.58
1660922400,"disk9",9880499.3,241.95
1660922415,"disk9",10669855.01,126.27
1660922430,"disk9",11806449.62,168.39
1660922445,"disk9",14564461.42,142.56
1660922460,"disk9",17155432.32,111.14
1660922475,"disk9",19131993.89,109.91
1660922490,"disk9",21675479.17,NA
1660922505,"disk9",29991748.14,NA
1660922520,"disk9",17592668.48,291.12
1660922535,"disk9",16705626.66,321.71
1660922550,"disk9",14659694.89,131.51
1660922565,"disk9",17891277.19,271.42
1660922580,"disk9",18624317.15,115.44
1660922595,"disk9",17149384.89,176.92
1660922610,"disk9",17489218.09,118.15
1660922625,"disk9",29587259.27,1449.64
1660922640,"disk9",32534865.51,233.24
1660922655,"disk9",23022099.35,239.49
1660922670,"disk9",14991642.34,375.5
1660922685,"disk9",20086054.92,139.94
1660922700,"disk9",11838224.11,243.45
1660922715,"disk9",18380379.48,NA
1660922730,"disk9",20244465.1,272.2
1660922745,"disk9",28082451.57,195.81
1660922760,"disk9",27039028.06,312.71
1660922775,"disk9",28230064.77,230.26
1660922790,"disk9",18349259.06,214.74
1660922805,"disk9",21330973.31,258.69
1660922820,"disk9",25133854.41,610.76
1660922835,"disk9",28036296.74,205.85
1660922850,"disk9",18754157.1,148.14
1660922865,"disk9",19967493.3,99.83
1660922880,"disk9",20857681.21,NA
1660922895,"disk9",18968739.89,199.05
1660922910,"disk9",17305997.4,164.7
1660922925,"disk9",23998936.29,131.52
1660922940,"disk9",13136272.36,78.28
1660922955,"disk9",15898251.79,182.5
1660922970,"disk9",15658572.97,123.56
1660922985,"disk9",14119229.91,128.58
1660923000,"disk9",15169192.53,124.22
1660923015,"disk9",14711456.59,NA
1660923030,"disk9",12904467.19,153.06
1660923045,"disk9",12751519.5,95.91
1660923060,"disk9",21618537.7,264.05
1660923075,"disk9",33391960.32,148.22
1660923090,"disk9",23869443.16,108.64
1660923105,"disk9",11913841.71,208.03
1660923120,"disk9",11223389.44,306.59
1660923135,"disk9",10185606.2,NA
1660923150,"disk9",12409792.76,157.71
1660923165,"disk9",11786639.8,141.54
1660923180,"disk9",13485989.64,268.46
1660923195,"disk9",26823542.81,171.24
1660923210,"disk9",10229418.59,109.01
1660923225,"disk9",11850383.57,159.93
1660923240,"disk9",13281691.48,NA
1660923255,"disk9",16801599.2,251.68
1660923270,"disk9",16133003.1,232.84
1660923285,"disk9",25178329.06,393.37
1660923300,"disk9",12852790.07,178.05
1660923315,"disk9",18176941.06,NA
1660923330,"disk9",10733581.12,102.91
1660923345,"disk9",12538866.37,194.02
1660923360,"disk9",12751919.87,183.53
1660923375,"disk9",12825125.91,180.98
1660923390,"disk9",12400526.9,NA
1660923405,"disk9",8045194.86,116.71
1660923420,"disk9",8125786.45,162.38
1660923435,"disk9",10238860.17,140.21
1660923450,"disk9",14685903,184.36
1660923465,"disk9",11988785.45,180.77
1660923480,"disk9",8874837.82,249.58
1660923495,"disk9",12426082.58,91.52
1660923510,"disk9",9489890.99,115.7
1660923525,"disk9",16553617.44,120.43
1660923540,"disk9",15790640.79,152.28
1660923555,"disk9",16158626.98,157.54
1660923570,"disk9",19043246.94,149.39
1660923585,"disk9",17739874.19,NA
1660923600,"disk9",8347259.81,426.32
1660923615,"disk9",15214188.2,256.57
1660923630,"disk9",23722497.29,172.64
1660923645,"disk9",15818978.09,109.64
1660923660,"disk9",10219516.77,191.55
1660923675,"disk9",14451192.43,103.81
1660923690,"disk9",44709323.76,122.79
1660923705,"disk9",21718156.36,194.85
1660923720,"disk9",29225773.61,169.56
1660923735,"disk9",47479577.84,202.31
1660923750,"disk9",26129859.02,412
1660923765,"disk9",12612266.94,288.64
1660923780,"disk9",12857345.49,368.45
1660923795,"disk9",13188131.38,178.56
1660923810,"disk9",12389013.17,188.16
1660923825,"disk9",13408964.27,98.21
1660923840,"disk9",13116662.01,127.75
1660923855,"disk9",17027543.34,428.74
1660923870,"disk9",13182099.1,238.95
1660923885,"disk9",16512795.12,316.52
1660923900,"disk9",18874120.52,NA
1660923915,"disk9",16497528.84,324.59
1660923930,"disk9",12829430.5,221.46
1660923945,"disk9",15252975.88,188.47
1660923960,"disk9",19407613.5,289.73
1660923975,"disk9",29143512.7,107.09
1660923990,"disk9",30566982.11,287.6
1660924005,"disk9",27905091.82,183.85
1660924020,"disk9",21838043.21,168.34
1660924035,"disk9",21358846.52,227.74
1660924050,"disk9",21804414.13,259.03
1660924065,"disk9",11783749.38,119.93
1660924080,"disk9",27153249.06,149.69
1660924095,"disk9",26628680.74,211.75
1660924110,"disk9",20124789.92,138.04
1660924125,"disk9",16005042.43,107.86
1660924140,"disk9",17404337.31,117.49
1660924155,"disk9",41808070.93,156.07
1660924170,"disk9",11917336.95,101.03
1660924185,"disk9",11819107.44,321.36
1660924200,"disk9",12568812.19,178.11
1660924215,"disk9",13722712.9,NA
1660924230,"disk9",10455729.57,150.45
1660924245,"disk9",13473808.85,143.09
1660924260,"disk9",10689797.74,NA
1660924275,"disk9",17153770.78,326.58
1660924290,"disk9",23167180.64,NA
1660924305,"disk9",24715248.72,212.29
1660924320,"disk9",22415230.09,204.52
1660924335,"disk9",30879086.36,232.43
1660924350,"disk9",15149422.89,161.93
1660924365,"disk9",12161055.23,107.13
1660924380,"disk9",13571448.91,84.96
1660924395,"disk9",20461958.65,190.18
1660924410,"disk9",12081929.93,126.53
1660924425,"disk9",10671851.99,293.24
1660924440,"disk9",14760676.37,143.33
1660924455,"disk9",15612195.33,314.08
1660924470,"disk9",15886241,157.65
1660924485,"disk9",15421161.5,140.15
1660924500,"disk9",13848615.12,162.18
1660924515,"disk9",26076682.96,157.36
1660924530,"disk9",14624438.93,222.9
1660924545,"disk9",18151426.88,205.51
1660924560,"disk9",17682336.91,202.83
1660924575,"disk9",20101151.25,1891.8
1660924590,"disk9",15016969.48,NA
1660924605,"disk9",14660220.17,152.5
1660924620,"disk9",14768640.6,159.19
1660924635,"disk9",14815357.74,108.84
1660924650,"disk9",14538919.99,115.72
1660924665,"disk9",15920991.15,144.43
1660924680,"disk9",16174079.28,NA
1660924695,"disk9",23571534.2,147.08
1660924710,"disk9",24718436.24,NA
1660924725,"disk9",23293445.56,69.46
1660924740,"disk9",24847929.06,118.83
1660924755,"disk9",15341551.31,184.93
1660924770,"disk9",15567740.56,122.69
1660924785,"disk9",23954982.27,85.03
1660924800,"disk9",24425231.17,129.28
